3100 1.359522 1.000000
3100 1.421945 1.000000
3100 1.359510 1.000000
3100 1.343891 1.000000
3100 1.359450 1.000000
3100 1.359496 1.000000
3100 1.343890 1.000000
3100 1.343882 1.000000
3100 1.343892 1.000000
3100 1.343884 1.000000
3100 1.359514 10.000000
3100 1.343887 10.000000
3100 1.359498 10.000000
3100 1.343813 10.000000
3100 1.343814 10.000000
3100 1.343879 10.000000
3100 1.343883 10.000000
3100 1.343892 10.000000
3100 1.359497 10.000000
3100 1.406386 10.000000
3100 1.359514 100.000000
3100 1.343822 100.000000
3100 1.343872 100.000000
3100 1.359499 100.000000
3100 1.343813 100.000000
3100 1.390751 100.000000
3100 1.343888 100.000000
3100 1.343875 100.000000
3100 1.343895 100.000000
3100 1.359521 100.000000
3100 1.343873 1000.000000
3100 1.281316 1000.000000
3100 1.343873 1000.000000
3100 1.359493 1000.000000
3100 1.343873 1000.000000
3100 1.343818 1000.000000
3100 1.343818 1000.000000
3100 1.343818 1000.000000
3100 1.281372 1000.000000
3100 1.343890 1000.000000
3100 1.281400 10000.000000
3100 1.296945 10000.000000
3100 1.297004 10000.000000
3100 1.296990 10000.000000
3100 1.343892 10000.000000
3100 1.359497 10000.000000
3100 1.359501 10000.000000
3100 1.343817 10000.000000
3100 1.296995 10000.000000
3100 1.343880 10000.000000
3100 1.359505 100000.000000
3100 1.234502 100000.000000
3100 1.359445 100000.000000
3100 1.296941 100000.000000
3100 1.359512 100000.000000
3100 1.359513 100000.000000
3100 1.234438 100000.000000
3100 1.359517 100000.000000
3100 1.359439 100000.000000
3100 1.234435 100000.000000
3100 1.375137 1000000.000000
3100 1.390742 1000000.000000
3100 1.312567 1000000.000000
3100 1.375167 1000000.000000
3100 1.375131 1000000.000000
3100 1.250063 1000000.000000
3100 1.375067 1000000.000000
3100 1.375123 1000000.000000
3100 1.250062 1000000.000000
3100 1.375069 1000000.000000
3200 1.468889 1.000000
3200 1.453267 1.000000
3200 1.437628 1.000000
3200 1.437628 1.000000
3200 1.437628 1.000000
3200 1.453253 1.000000
3200 1.453272 1.000000
3200 1.437639 1.000000
3200 1.453255 1.000000
3200 1.453269 1.000000
3200 1.453270 10.000000
3200 1.453249 10.000000
3200 1.453269 10.000000
3200 1.453254 10.000000
3200 1.437630 10.000000
3200 1.453254 10.000000
3200 1.437632 10.000000
3200 1.437637 10.000000
3200 1.453270 10.000000
3200 1.453282 10.000000
3200 1.468893 100.000000
3200 1.453270 100.000000
3200 1.453201 100.000000
3200 1.437573 100.000000
3200 1.453274 100.000000
3200 1.437575 100.000000
3200 1.453253 100.000000
3200 1.453260 100.000000
3200 1.453269 100.000000
3200 1.453263 100.000000
3200 1.453253 1000.000000
3200 1.453258 1000.000000
3200 1.437643 1000.000000
3200 1.328258 1000.000000
3200 1.453264 1000.000000
3200 1.437634 1000.000000
3200 1.453264 1000.000000
3200 1.375070 1000.000000
3200 1.453199 1000.000000
3200 1.453274 1000.000000
3200 1.390780 10000.000000
3200 1.609511 10000.000000
3200 1.453260 10000.000000
3200 1.453247 10000.000000
3200 1.453269 10000.000000
3200 1.453264 10000.000000
3200 1.406327 10000.000000
3200 1.437622 10000.000000
3200 1.453254 10000.000000
3200 1.453262 10000.000000
3200 1.328266 100000.000000
3200 1.453263 100000.000000
3200 1.453196 100000.000000
3200 1.406403 100000.000000
3200 1.468879 100000.000000
3200 1.390755 100000.000000
3200 1.328265 100000.000000
3200 1.328194 100000.000000
3200 1.312641 100000.000000
3200 1.390751 100000.000000
3200 1.484525 1000000.000000
3200 1.422010 1000000.000000
3200 1.484451 1000000.000000
3200 1.343890 1000000.000000
3200 1.468899 1000000.000000
3200 1.343821 1000000.000000
3200 1.468896 1000000.000000
3200 1.406390 1000000.000000
3200 1.468892 1000000.000000
3200 1.406392 1000000.000000
3300 1.562632 1.000000
3300 1.547028 1.000000
3300 1.546948 1.000000
3300 1.547021 1.000000
3300 1.547027 1.000000
3300 1.547005 1.000000
3300 1.547009 1.000000
3300 1.546952 1.000000
3300 1.547009 1.000000
3300 1.547024 1.000000
3300 1.546953 10.000000
3300 1.547025 10.000000
3300 1.547012 10.000000
3300 1.578259 10.000000
3300 1.546950 10.000000
3300 1.547009 10.000000
3300 1.547026 10.000000
3300 1.546953 10.000000
3300 1.547023 10.000000
3300 1.547036 10.000000
3300 1.547026 100.000000
3300 1.547009 100.000000
3300 1.547031 100.000000
3300 1.547011 100.000000
3300 1.555470 100.000000
3300 1.547027 100.000000
3300 1.547024 100.000000
3300 1.562668 100.000000
3300 1.546952 100.000000
3300 1.547026 100.000000
3300 1.547008 1000.000000
3300 1.547027 1000.000000
3300 1.547024 1000.000000
3300 1.547026 1000.000000
3300 1.547007 1000.000000
3300 1.547006 1000.000000
3300 1.547007 1000.000000
3300 1.562652 1000.000000
3300 1.547018 1000.000000
3300 1.547018 1000.000000
3300 1.406385 10000.000000
3300 1.547019 10000.000000
3300 1.562647 10000.000000
3300 1.578264 10000.000000
3300 1.547139 10000.000000
3300 1.562584 10000.000000
3300 1.406384 10000.000000
3300 1.546951 10000.000000
3300 1.547035 10000.000000
3300 1.343816 10000.000000
3300 1.062615 100000.000000
3300 1.343825 100000.000000
3300 1.343818 100000.000000
3300 1.281383 100000.000000
3300 1.484524 100000.000000
3300 1.562656 100000.000000
3300 1.562653 100000.000000
3300 1.562659 100000.000000
3300 1.562657 100000.000000
3300 1.359523 100000.000000
3300 2.406428 1000000.000000
3300 1.453202 1000000.000000
3300 1.593833 1000000.000000
3300 1.581322 1000000.000000
3300 1.578274 1000000.000000
3300 1.359448 1000000.000000
3300 1.578284 1000000.000000
3300 1.593826 1000000.000000
3300 1.593827 1000000.000000
3300 1.578280 1000000.000000
3400 1.671960 1.000000
3400 1.640763 1.000000
3400 1.640847 1.000000
3400 1.656328 1.000000
3400 1.656334 1.000000
3400 1.656405 1.000000
3400 1.656340 1.000000
3400 1.656406 1.000000
3400 1.656334 1.000000
3400 1.656399 1.000000
3400 1.656405 10.000000
3400 1.640768 10.000000
3400 1.656401 10.000000
3400 1.640772 10.000000
3400 1.656411 10.000000
3400 1.656382 10.000000
3400 1.656388 10.000000
3400 1.656465 10.000000
3400 1.656397 10.000000
3400 1.656405 10.000000
3400 1.656387 100.000000
3400 1.656334 100.000000
3400 1.656394 100.000000
3400 1.656420 100.000000
3400 1.656396 100.000000
3400 1.656396 100.000000
3400 1.656337 100.000000
3400 1.656403 100.000000
3400 1.671961 100.000000
3400 1.661376 100.000000
3400 1.656398 1000.000000
3400 1.656404 1000.000000
3400 1.593890 1000.000000
3400 1.578266 1000.000000
3400 1.656403 1000.000000
3400 1.656389 1000.000000
3400 1.656388 1000.000000
3400 1.578202 1000.000000
3400 1.578271 1000.000000
3400 1.656407 1000.000000
3400 1.656328 10000.000000
3400 1.500139 10000.000000
3400 1.578253 10000.000000
3400 1.656388 10000.000000
3400 1.656334 10000.000000
3400 1.500137 10000.000000
3400 1.578280 10000.000000
3400 1.656387 10000.000000
3400 1.703283 10000.000000
3400 1.656406 10000.000000
3400 1.672020 100000.000000
3400 1.672035 100000.000000
3400 1.656416 100000.000000
3400 1.671954 100000.000000
3400 1.578261 100000.000000
3400 1.672015 100000.000000
3400 1.672026 100000.000000
3400 1.359442 100000.000000
3400 1.672020 100000.000000
3400 1.593834 100000.000000
3400 1.687641 1000000.000000
3400 1.703276 1000000.000000
3400 1.687734 1000000.000000
3400 1.687652 1000000.000000
3400 1.687586 1000000.000000
3400 1.375073 1000000.000000
3400 1.687586 1000000.000000
3400 1.687650 1000000.000000
3400 1.609527 1000000.000000
3400 1.687647 1000000.000000
3500 1.765767 1.000000
3500 1.765914 1.000000
3500 1.765776 1.000000
3500 1.750084 1.000000
3500 1.765785 1.000000
3500 1.765852 1.000000
3500 1.765787 1.000000
3500 1.765709 1.000000
3500 1.765777 1.000000
3500 1.765785 1.000000
3500 1.750232 10.000000
3500 1.750164 10.000000
3500 1.750159 10.000000
3500 1.750158 10.000000
3500 1.750151 10.000000
3500 1.750090 10.000000
3500 1.765784 10.000000
3500 1.781404 10.000000
3500 1.765788 10.000000
3500 1.812659 10.000000
3500 1.750153 100.000000
3500 1.750185 100.000000
3500 1.765717 100.000000
3500 1.765777 100.000000
3500 1.765719 100.000000
3500 1.765767 100.000000
3500 1.781341 100.000000
3500 1.781387 100.000000
3500 1.781404 100.000000
3500 1.750153 100.000000
3500 1.672017 1000.000000
3500 1.750158 1000.000000
3500 1.750087 1000.000000
3500 1.765769 1000.000000
3500 1.750087 1000.000000
3500 1.687586 1000.000000
3500 1.687651 1000.000000
3500 1.765805 1000.000000
3500 1.765784 1000.000000
3500 1.687641 1000.000000
3500 1.765770 10000.000000
3500 1.765779 10000.000000
3500 1.765773 10000.000000
3500 1.765810 10000.000000
3500 1.765770 10000.000000
3500 1.765782 10000.000000
3500 1.750145 10000.000000
3500 1.765783 10000.000000
3500 1.765773 10000.000000
3500 1.687640 10000.000000
3500 1.625134 100000.000000
3500 1.765777 100000.000000
3500 1.703278 100000.000000
3500 1.750140 100000.000000
3500 1.765768 100000.000000
3500 1.703276 100000.000000
3500 1.765769 100000.000000
3500 1.765787 100000.000000
3500 1.531382 100000.000000
3500 1.781342 100000.000000
3500 1.718912 1000000.000000
3500 1.812645 1000000.000000
3500 1.797025 1000000.000000
3500 1.718909 1000000.000000
3500 1.484450 1000000.000000
3500 1.812653 1000000.000000
3500 1.625137 1000000.000000
3500 1.812590 1000000.000000
3500 1.797032 1000000.000000
3500 1.640708 1000000.000000
3600 1.875149 1.000000
3600 1.875096 1.000000
3600 1.875156 1.000000
3600 1.875162 1.000000
3600 1.875161 1.000000
3600 1.875171 1.000000
3600 1.859466 1.000000
3600 1.875090 1.000000
3600 1.875166 1.000000
3600 1.859522 1.000000
3600 1.875163 10.000000
3600 1.875150 10.000000
3600 1.875148 10.000000
3600 1.875158 10.000000
3600 1.859546 10.000000
3600 1.859546 10.000000
3600 1.937736 10.000000
3600 1.875155 10.000000
3600 1.875103 10.000000
3600 1.859543 10.000000
3600 1.859466 100.000000
3600 1.859523 100.000000
3600 1.859543 100.000000
3600 1.859544 100.000000
3600 1.875158 100.000000
3600 1.859551 100.000000
3600 1.875099 100.000000
3600 1.875171 100.000000
3600 1.859464 100.000000
3600 1.859523 100.000000
3600 1.859539 1000.000000
3600 1.875167 1000.000000
3600 1.890777 1000.000000
3600 1.875169 1000.000000
3600 1.781389 1000.000000
3600 1.875167 1000.000000
3600 1.797039 1000.000000
3600 1.781416 1000.000000
3600 1.875164 1000.000000
3600 1.859467 1000.000000
3600 1.796968 10000.000000
3600 1.883145 10000.000000
3600 1.781415 10000.000000
3600 1.781413 10000.000000
3600 1.859470 10000.000000
3600 1.875165 10000.000000
3600 1.781341 10000.000000
3600 1.875176 10000.000000
3600 1.875096 10000.000000
3600 1.781343 10000.000000
3600 1.875159 100000.000000
3600 1.875169 100000.000000
3600 1.796964 100000.000000
3600 1.875095 100000.000000
3600 1.890775 100000.000000
3600 1.796966 100000.000000
3600 1.796964 100000.000000
3600 1.890794 100000.000000
3600 1.875163 100000.000000
3600 1.812694 100000.000000
3600 1.922043 1000000.000000
3600 1.906421 1000000.000000
3600 1.921970 1000000.000000
3600 1.656408 1000000.000000
3600 1.828286 1000000.000000
3600 1.922048 1000000.000000
3600 1.922047 1000000.000000
3600 1.828290 1000000.000000
3600 1.828277 1000000.000000
3600 1.828292 1000000.000000
3700 1.984546 1.000000
3700 1.984546 1.000000
3700 1.984535 1.000000
3700 1.984554 1.000000
3700 1.984479 1.000000
3700 1.984552 1.000000
3700 1.968915 1.000000
3700 1.984470 1.000000
3700 1.984544 1.000000
3700 1.984529 1.000000
3700 1.968927 10.000000
3700 1.984533 10.000000
3700 1.984549 10.000000
3700 1.984543 10.000000
3700 1.984550 10.000000
3700 1.984543 10.000000
3700 1.984551 10.000000
3700 1.984553 10.000000
3700 1.984530 10.000000
3700 1.984546 10.000000
3700 1.984540 100.000000
3700 1.984542 100.000000
3700 1.984532 100.000000
3700 1.984548 100.000000
3700 1.968921 100.000000
3700 1.984530 100.000000
3700 1.968904 100.000000
3700 1.984548 100.000000
3700 1.984548 100.000000
3700 1.984554 100.000000
3700 1.984530 1000.000000
3700 2.000173 1000.000000
3700 1.984528 1000.000000
3700 1.984547 1000.000000
3700 1.984542 1000.000000
3700 1.984532 1000.000000
3700 2.000175 1000.000000
3700 1.890719 1000.000000
3700 1.890789 1000.000000
3700 1.984538 1000.000000
3700 1.984536 10000.000000
3700 1.984546 10000.000000
3700 1.984476 10000.000000
3700 1.984537 10000.000000
3700 1.984477 10000.000000
3700 1.984535 10000.000000
3700 2.000172 10000.000000
3700 1.890790 10000.000000
3700 1.890791 10000.000000
3700 1.984553 10000.000000
3700 2.000157 100000.000000
3700 2.015801 100000.000000
3700 1.906423 100000.000000
3700 2.000160 100000.000000
3700 2.000096 100000.000000
3700 1.625154 100000.000000
3700 2.000171 100000.000000
3700 2.000155 100000.000000
3700 1.890793 100000.000000
3700 2.000166 100000.000000
3700 1.937652 1000000.000000
3700 1.937670 1000000.000000
3700 2.015806 1000000.000000
3700 1.937658 1000000.000000
3700 2.031422 1000000.000000
3700 2.015796 1000000.000000
3700 1.843898 1000000.000000
3700 1.843915 1000000.000000
3700 2.015778 1000000.000000
3700 2.031422 1000000.000000
3800 2.109552 1.000000
3800 2.109537 1.000000
3800 2.093928 1.000000
3800 2.109545 1.000000
3800 2.093926 1.000000
3800 2.093855 1.000000
3800 2.093924 1.000000
3800 2.090795 1.000000
3800 2.109547 1.000000
3800 2.093933 1.000000
3800 2.093910 10.000000
3800 2.093930 10.000000
3800 2.093855 10.000000
3800 2.093915 10.000000
3800 2.172039 10.000000
3800 2.109535 10.000000
3800 2.093932 10.000000
3800 2.093933 10.000000
3800 2.093929 10.000000
3800 2.093926 10.000000
3800 2.093851 100.000000
3800 2.088833 100.000000
3800 2.093863 100.000000
3800 2.109546 100.000000
3800 2.093924 100.000000
3800 2.093939 100.000000
3800 2.093928 100.000000
3800 2.093928 100.000000
3800 2.125177 100.000000
3800 2.109482 100.000000
3800 2.093924 1000.000000
3800 2.093857 1000.000000
3800 2.093913 1000.000000
3800 2.109553 1000.000000
3800 2.093928 1000.000000
3800 2.101970 1000.000000
3800 2.093921 1000.000000
3800 2.109554 1000.000000
3800 2.093928 1000.000000
3800 1.984549 1000.000000
3800 2.093922 10000.000000
3800 2.109552 10000.000000
3800 2.109489 10000.000000
3800 2.015778 10000.000000
3800 1.906401 10000.000000
3800 2.093927 10000.000000
3800 1.906411 10000.000000
3800 2.000173 10000.000000
3800 2.015799 10000.000000
3800 2.109479 10000.000000
3800 2.015799 100000.000000
3800 1.625143 100000.000000
3800 2.015798 100000.000000
3800 2.125173 100000.000000
3800 2.125166 100000.000000
3800 2.109552 100000.000000
3800 2.125109 100000.000000
3800 1.921973 100000.000000
3800 2.031411 100000.000000
3800 2.109548 100000.000000
3800 2.140732 1000000.000000
3800 2.140796 1000000.000000
3800 2.156482 1000000.000000
3800 1.843920 1000000.000000
3800 2.144314 1000000.000000
3800 2.156420 1000000.000000
3800 2.047069 1000000.000000
3800 2.047041 1000000.000000
3800 2.046974 1000000.000000
3800 2.156425 1000000.000000
3900 2.218923 1.000000
3900 2.218934 1.000000
3900 2.218939 1.000000
3900 2.218923 1.000000
3900 2.203310 1.000000
3900 2.218920 1.000000
3900 2.218934 1.000000
3900 2.219006 1.000000
3900 2.203316 1.000000
3900 2.218927 1.000000
3900 2.218987 10.000000
3900 2.218932 10.000000
3900 2.218935 10.000000
3900 2.218942 10.000000
3900 2.203300 10.000000
3900 2.218923 10.000000
3900 2.219021 10.000000
3900 2.218942 10.000000
3900 2.203314 10.000000
3900 2.219007 10.000000
3900 2.218931 100.000000
3900 2.203306 100.000000
3900 2.218938 100.000000
3900 2.203298 100.000000
3900 2.218931 100.000000
3900 2.218981 100.000000
3900 2.203235 100.000000
3900 2.203240 100.000000
3900 2.281433 100.000000
3900 2.203312 100.000000
3900 2.203307 1000.000000
3900 2.109477 1000.000000
3900 2.219024 1000.000000
3900 2.218860 1000.000000
3900 2.218925 1000.000000
3900 2.203311 1000.000000
3900 2.203237 1000.000000
3900 2.297056 1000.000000
3900 2.218940 1000.000000
3900 2.218921 1000.000000
3900 2.109539 10000.000000
3900 2.015793 10000.000000
3900 2.015789 10000.000000
3900 2.218915 10000.000000
3900 2.203330 10000.000000
3900 2.218927 10000.000000
3900 2.000179 10000.000000
3900 2.218991 10000.000000
3900 2.109559 10000.000000
3900 2.203323 10000.000000
3900 2.234568 100000.000000
3900 2.125169 100000.000000
3900 2.031417 100000.000000
3900 2.234548 100000.000000
3900 2.234574 100000.000000
3900 2.234643 100000.000000
3900 1.922042 100000.000000
3900 2.234562 100000.000000
3900 2.234563 100000.000000
3900 2.140810 100000.000000
3900 2.250172 1000000.000000
3900 1.859527 1000000.000000
3900 2.250263 1000000.000000
3900 2.265862 1000000.000000
3900 2.265813 1000000.000000
3900 2.265790 1000000.000000
3900 2.265946 1000000.000000
3900 2.250109 1000000.000000
3900 2.265801 1000000.000000
3900 2.234619 1000000.000000
4000 2.328312 1.000000
4000 2.312685 1.000000
4000 2.328312 1.000000
4000 2.343937 1.000000
4000 2.343996 1.000000
4000 2.343924 1.000000
4000 2.328319 1.000000
4000 2.328392 1.000000
4000 2.328314 1.000000
4000 2.328318 1.000000
4000 2.328298 10.000000
4000 2.328318 10.000000
4000 2.328352 10.000000
4000 2.328310 10.000000
4000 2.343923 10.000000
4000 2.328296 10.000000
4000 2.656443 10.000000
4000 2.337257 10.000000
4000 2.328315 10.000000
4000 2.343934 10.000000
4000 2.328318 100.000000
4000 2.328296 100.000000
4000 2.328310 100.000000
4000 2.328302 100.000000
4000 2.328310 100.000000
4000 2.328243 100.000000
4000 2.328314 100.000000
4000 2.328313 100.000000
4000 2.343925 100.000000
4000 2.359572 100.000000
4000 2.328247 1000.000000
4000 2.328316 1000.000000
4000 2.234561 1000.000000
4000 2.328311 1000.000000
4000 2.328354 1000.000000
4000 2.328309 1000.000000
4000 2.328312 1000.000000
4000 2.343872 1000.000000
4000 2.328296 1000.000000
4000 2.328329 1000.000000
4000 2.328298 10000.000000
4000 2.125168 10000.000000
4000 2.312619 10000.000000
4000 2.328314 10000.000000
4000 2.343939 10000.000000
4000 2.328242 10000.000000
4000 2.328308 10000.000000
4000 2.328241 10000.000000
4000 2.328320 10000.000000
4000 2.328301 10000.000000
4000 2.406444 100000.000000
4000 2.250175 100000.000000
4000 2.250176 100000.000000
4000 2.343923 100000.000000
4000 2.031424 100000.000000
4000 2.234490 100000.000000
4000 2.125169 100000.000000
4000 2.343927 100000.000000
4000 2.343931 100000.000000
4000 2.343954 100000.000000
4000 2.375176 1000000.000000
4000 1.843844 1000000.000000
4000 2.281421 1000000.000000
4000 2.375193 1000000.000000
4000 2.390808 1000000.000000
4000 2.390751 1000000.000000
4000 1.718898 1000000.000000
4000 2.375266 1000000.000000
4000 2.390747 1000000.000000
4000 2.047053 1000000.000000
4100 2.453329 1.000000
4100 2.718941 1.000000
4100 2.437768 1.000000
4100 2.453390 1.000000
4100 2.453369 1.000000
4100 2.453379 1.000000
4100 2.453305 1.000000
4100 2.437694 1.000000
4100 2.437689 1.000000
4100 2.453325 1.000000
4100 2.453361 10.000000
4100 2.453402 10.000000
4100 2.437682 10.000000
4100 2.453328 10.000000
4100 2.453393 10.000000
4100 2.437695 10.000000
4100 2.453378 10.000000
4100 2.453305 10.000000
4100 2.437698 10.000000
4100 2.453381 10.000000
4100 2.453396 100.000000
4100 2.453323 100.000000
4100 2.437697 100.000000
4100 2.437698 100.000000
4100 2.437690 100.000000
4100 2.453319 100.000000
4100 2.453324 100.000000
4100 2.453321 100.000000
4100 2.453248 100.000000
4100 2.453315 100.000000
4100 2.453397 1000.000000
4100 2.453398 1000.000000
4100 2.453324 1000.000000
4100 2.453326 1000.000000
4100 2.453394 1000.000000
4100 2.453304 1000.000000
4100 2.453247 1000.000000
4100 2.453313 1000.000000
4100 2.453307 1000.000000
4100 2.453322 1000.000000
4100 2.343925 10000.000000
4100 2.453248 10000.000000
4100 2.437619 10000.000000
4100 2.234634 10000.000000
4100 2.453395 10000.000000
4100 2.343943 10000.000000
4100 2.453323 10000.000000
4100 2.234566 10000.000000
4100 2.453377 10000.000000
4100 2.343933 10000.000000
4100 2.468946 100000.000000
4100 2.469002 100000.000000
4100 2.250254 100000.000000
4100 2.375188 100000.000000
4100 2.031416 100000.000000
4100 2.484569 100000.000000
4100 2.468930 100000.000000
4100 2.500269 100000.000000
4100 2.484504 100000.000000
4100 2.469024 100000.000000
4100 2.390815 1000000.000000
4100 2.281417 1000000.000000
4100 2.500252 1000000.000000
4100 2.390745 1000000.000000
4100 2.515896 1000000.000000
4100 2.531452 1000000.000000
4100 2.515807 1000000.000000
4100 2.515748 1000000.000000
4100 2.406448 1000000.000000
4100 2.515825 1000000.000000
4200 2.578331 1.000000
4200 2.562766 1.000000
4200 2.578394 1.000000
4200 2.578335 1.000000
4200 2.578318 1.000000
4200 2.578318 1.000000
4200 2.578321 1.000000
4200 2.578373 1.000000
4200 2.578377 1.000000
4200 2.578382 1.000000
4200 2.578400 10.000000
4200 2.578410 10.000000
4200 2.584835 10.000000
4200 2.562763 10.000000
4200 2.578329 10.000000
4200 2.578372 10.000000
4200 2.578375 10.000000
4200 2.562703 10.000000
4200 2.578320 10.000000
4200 2.578365 10.000000
4200 2.562761 100.000000
4200 2.562708 100.000000
4200 2.578407 100.000000
4200 2.578389 100.000000
4200 2.578323 100.000000
4200 2.578402 100.000000
4200 2.578402 100.000000
4200 2.562701 100.000000
4200 2.578391 100.000000
4200 2.578323 100.000000
4200 2.468954 1000.000000
4200 2.578331 1000.000000
4200 2.578385 1000.000000
4200 2.578328 1000.000000
4200 2.453324 1000.000000
4200 2.640818 1000.000000
4200 2.453299 1000.000000
4200 2.578317 1000.000000
4200 2.562684 1000.000000
4200 2.453310 1000.000000
4200 2.469015 10000.000000
4200 2.468941 10000.000000
4200 2.578260 10000.000000
4200 2.468949 10000.000000
4200 2.578310 10000.000000
4200 2.578395 10000.000000
4200 2.578390 10000.000000
4200 2.562777 10000.000000
4200 2.343941 10000.000000
4200 2.578309 10000.000000
4200 2.594029 100000.000000
4200 2.359495 100000.000000
4200 2.468932 100000.000000
4200 2.469016 100000.000000
4200 2.125163 100000.000000
4200 2.593955 100000.000000
4200 2.359564 100000.000000
4200 2.609578 100000.000000
4200 2.000173 100000.000000
4200 2.593879 100000.000000
4200 2.656448 1000000.000000
4200 2.515802 1000000.000000
4200 2.515895 1000000.000000
4200 2.515754 1000000.000000
4200 2.694298 1000000.000000
4200 2.500128 1000000.000000
4200 2.531510 1000000.000000
4200 2.390819 1000000.000000
4200 2.656455 1000000.000000
4200 2.515823 1000000.000000
4300 2.687714 1.000000
4300 2.703330 1.000000
4300 2.703420 1.000000
4300 2.703331 1.000000
4300 2.781451 1.000000
4300 2.687712 1.000000
4300 2.687711 1.000000
4300 2.703328 1.000000
4300 2.734580 1.000000
4300 2.687705 1.000000
4300 2.703399 10.000000
4300 2.703403 10.000000
4300 2.687796 10.000000
4300 2.687693 10.000000
4300 2.703336 10.000000
4300 2.703329 10.000000
4300 2.718955 10.000000
4300 2.687770 10.000000
4300 2.719048 10.000000
4300 2.703345 10.000000
4300 2.703340 100.000000
4300 2.703400 100.000000
4300 3.000153 100.000000
4300 2.703329 100.000000
4300 2.703263 100.000000
4300 2.703336 100.000000
4300 2.703385 100.000000
4300 2.703344 100.000000
4300 2.703266 100.000000
4300 2.703326 100.000000
4300 2.703378 1000.000000
4300 2.703380 1000.000000
4300 2.703339 1000.000000
4300 2.765819 1000.000000
4300 2.703330 1000.000000
4300 2.703327 1000.000000
4300 2.687707 1000.000000
4300 2.703402 1000.000000
4300 2.703323 1000.000000
4300 2.562769 1000.000000
4300 2.703334 10000.000000
4300 2.578387 10000.000000
4300 2.578308 10000.000000
4300 2.703389 10000.000000
4300 2.718961 10000.000000
4300 2.703385 10000.000000
4300 2.593958 10000.000000
4300 2.703333 10000.000000
4300 2.578322 10000.000000
4300 2.703332 10000.000000
4300 2.734655 100000.000000
4300 2.609576 100000.000000
4300 2.468948 100000.000000
4300 2.234556 100000.000000
4300 2.718960 100000.000000
4300 2.718953 100000.000000
4300 2.609643 100000.000000
4300 2.594015 100000.000000
4300 2.719017 100000.000000
4300 2.718958 100000.000000
4300 2.765903 1000000.000000
4300 2.765911 1000000.000000
4300 2.765772 1000000.000000
4300 2.781452 1000000.000000
4300 2.765821 1000000.000000
4300 2.765897 1000000.000000
4300 1.875160 1000000.000000
4300 2.781529 1000000.000000
4300 2.390745 1000000.000000
4300 2.765901 1000000.000000
4400 2.828348 1.000000
4400 2.843963 1.000000
4400 2.828341 1.000000
4400 2.828386 1.000000
4400 2.859649 1.000000
4400 2.812720 1.000000
4400 2.828400 1.000000
4400 2.844012 1.000000
4400 2.828343 1.000000
4400 2.828344 1.000000
4400 2.828269 10.000000
4400 2.843968 10.000000
4400 2.828325 10.000000
4400 2.844040 10.000000
4400 2.828320 10.000000
4400 2.843957 10.000000
4400 2.828330 10.000000
4400 2.828325 10.000000
4400 2.828322 10.000000
4400 2.828347 10.000000
4400 2.828395 100.000000
4400 2.828343 100.000000
4400 2.828348 100.000000
4400 2.828341 100.000000
4400 2.828378 100.000000
4400 2.844027 100.000000
4400 2.828441 100.000000
4400 2.828405 100.000000
4400 2.843958 100.000000
4400 2.828323 100.000000
4400 2.843964 1000.000000
4400 2.828318 1000.000000
4400 2.828391 1000.000000
4400 2.828390 1000.000000
4400 2.843970 1000.000000
4400 2.828402 1000.000000
4400 2.844024 1000.000000
4400 2.828411 1000.000000
4400 2.828391 1000.000000
4400 2.687766 1000.000000
4400 2.828408 10000.000000
4400 2.828332 10000.000000
4400 2.828341 10000.000000
4400 2.703324 10000.000000
4400 2.453394 10000.000000
4400 2.828337 10000.000000
4400 2.593952 10000.000000
4400 2.703325 10000.000000
4400 2.707365 10000.000000
4400 2.718957 10000.000000
4400 2.593948 100000.000000
4400 2.734585 100000.000000
4400 2.859590 100000.000000
4400 2.859579 100000.000000
4400 2.859593 100000.000000
4400 2.593957 100000.000000
4400 2.718962 100000.000000
4400 2.859580 100000.000000
4400 2.859521 100000.000000
4400 2.718962 100000.000000
4400 2.765840 1000000.000000
4400 2.890920 1000000.000000
4400 2.765843 1000000.000000
4400 2.906396 1000000.000000
4400 2.625186 1000000.000000
4400 2.765893 1000000.000000
4400 2.375250 1000000.000000
4400 2.640877 1000000.000000
4400 2.765841 1000000.000000
4400 2.890910 1000000.000000
4500 2.968953 1.000000
4500 2.968961 1.000000
4500 2.969037 1.000000
4500 2.968976 1.000000
4500 2.953343 1.000000
4500 2.968978 1.000000
4500 2.968966 1.000000
4500 2.984594 1.000000
4500 2.953398 1.000000
4500 2.953280 1.000000
4500 2.969043 10.000000
4500 3.015899 10.000000
4500 2.969117 10.000000
4500 2.953348 10.000000
4500 2.984664 10.000000
4500 2.953410 10.000000
4500 2.968974 10.000000
4500 2.969022 10.000000
4500 2.968975 10.000000
4500 2.953341 10.000000
4500 2.968970 100.000000
4500 2.953351 100.000000
4500 2.969031 100.000000
4500 2.953415 100.000000
4500 2.953335 100.000000
4500 2.968951 100.000000
4500 2.968963 100.000000
4500 2.968971 100.000000
4500 2.968954 100.000000
4500 2.961385 100.000000
4500 2.968972 1000.000000
4500 2.953347 1000.000000
4500 2.968971 1000.000000
4500 2.968972 1000.000000
4500 2.969029 1000.000000
4500 2.953427 1000.000000
4500 2.969034 1000.000000
4500 2.953327 1000.000000
4500 2.953344 1000.000000
4500 2.946229 1000.000000
4500 2.843952 10000.000000
4500 2.703338 10000.000000
4500 2.828403 10000.000000
4500 2.687703 10000.000000
4500 2.969035 10000.000000
4500 2.969010 10000.000000
4500 2.968963 10000.000000
4500 2.968963 10000.000000
4500 2.953339 10000.000000
4500 2.828404 10000.000000
4500 2.984596 100000.000000
4500 2.703325 100000.000000
4500 2.734640 100000.000000
4500 2.984589 100000.000000
4500 3.000256 100000.000000
4500 2.984579 100000.000000
4500 2.578316 100000.000000
4500 2.859584 100000.000000
4500 2.859629 100000.000000
4500 3.093911 100000.000000
4500 3.031498 1000000.000000
4500 3.031463 1000000.000000
4500 2.906453 1000000.000000
4500 2.890828 1000000.000000
4500 3.047149 1000000.000000
4500 3.109656 1000000.000000
4500 3.047140 1000000.000000
4500 3.015917 1000000.000000
4500 3.031460 1000000.000000
4500 2.609585 1000000.000000
4600 3.078420 1.000000
4600 3.094058 1.000000
4600 3.078345 1.000000
4600 3.094028 1.000000
4600 3.094020 1.000000
4600 3.093976 1.000000
4600 3.093970 1.000000
4600 3.094044 1.000000
4600 3.140842 1.000000
4600 3.091519 1.000000
4600 3.125217 10.000000
4600 3.093968 10.000000
4600 3.109657 10.000000
4600 3.093906 10.000000
4600 3.093907 10.000000
4600 3.078343 10.000000
4600 3.094047 10.000000
4600 3.093979 10.000000
4600 3.078342 10.000000
4600 3.093983 10.000000
4600 3.093968 100.000000
4600 3.078404 100.000000
4600 3.109598 100.000000
4600 3.078420 100.000000
4600 3.094045 100.000000
4600 3.093973 100.000000
4600 3.094052 100.000000
4600 3.140855 100.000000
4600 3.109659 100.000000
4600 3.093973 100.000000
4600 3.094044 1000.000000
4600 3.094030 1000.000000
4600 3.094028 1000.000000
4600 3.078278 1000.000000
4600 3.093967 1000.000000
4600 3.093971 1000.000000
4600 3.093975 1000.000000
4600 3.109654 1000.000000
4600 3.093980 1000.000000
4600 3.093977 1000.000000
4600 3.094066 10000.000000
4600 3.093983 10000.000000
4600 3.094031 10000.000000
4600 3.156610 10000.000000
4600 3.093970 10000.000000
4600 2.953411 10000.000000
4600 3.093980 10000.000000
4600 3.093987 10000.000000
4600 2.968958 10000.000000
4600 3.125157 10000.000000
4600 2.969038 100000.000000
4600 2.843953 100000.000000
4600 3.125412 100000.000000
4600 3.125235 100000.000000
4600 3.125299 100000.000000
4600 3.109668 100000.000000
4600 2.984595 100000.000000
4600 3.125293 100000.000000
4600 2.984584 100000.000000
4600 3.109605 100000.000000
4600 3.172035 1000000.000000
4600 3.172108 1000000.000000
4600 3.172086 1000000.000000
4600 3.172176 1000000.000000
4600 2.875209 1000000.000000
4600 3.172098 1000000.000000
4600 3.170211 1000000.000000
4600 3.187775 1000000.000000
4600 3.172177 1000000.000000
4600 3.172105 1000000.000000
4700 3.234611 1.000000
4700 3.218979 1.000000
4700 3.250234 1.000000
4700 3.234598 1.000000
4700 3.234662 1.000000
4700 3.218914 1.000000
4700 3.250220 1.000000
4700 3.234621 1.000000
4700 3.234603 1.000000
4700 3.234602 1.000000
4700 3.234728 10.000000
4700 3.234594 10.000000
4700 3.234602 10.000000
4700 3.234603 10.000000
4700 3.250269 10.000000
4700 3.234661 10.000000
4700 3.218975 10.000000
4700 3.234611 10.000000
4700 3.234604 10.000000
4700 3.234614 10.000000
4700 3.234596 100.000000
4700 3.234599 100.000000
4700 3.234670 100.000000
4700 3.234651 100.000000
4700 3.234543 100.000000
4700 3.234595 100.000000
4700 3.250225 100.000000
4700 3.234591 100.000000
4700 3.234615 100.000000
4700 3.281545 100.000000
4700 3.234613 1000.000000
4700 3.234613 1000.000000
4700 3.140856 1000.000000
4700 3.234622 1000.000000
4700 3.234596 1000.000000
4700 3.281477 1000.000000
4700 3.234594 1000.000000
4700 3.218982 1000.000000
4700 3.234583 1000.000000
4700 3.250240 1000.000000
4700 3.094035 10000.000000
4700 3.234541 10000.000000
4700 3.250242 10000.000000
4700 3.234610 10000.000000
4700 3.250226 10000.000000
4700 2.968960 10000.000000
4700 3.234648 10000.000000
4700 2.953341 10000.000000
4700 2.797094 10000.000000
4700 3.234608 10000.000000
4700 3.265851 100000.000000
4700 3.109594 100000.000000
4700 3.265862 100000.000000
4700 3.265793 100000.000000
4700 3.265914 100000.000000
4700 3.125233 100000.000000
4700 2.812638 100000.000000
4700 3.328298 100000.000000
4700 2.656380 100000.000000
4700 3.265791 100000.000000
4700 2.864311 1000000.000000
4700 2.703337 1000000.000000
4700 3.297172 1000000.000000
4700 3.312834 1000000.000000
4700 3.328352 1000000.000000
4700 3.156482 1000000.000000
4700 2.562769 1000000.000000
4700 3.312824 1000000.000000
4700 2.859581 1000000.000000
4700 3.312808 1000000.000000
4800 3.359679 1.000000
4800 3.359681 1.000000
4800 3.359610 1.000000
4800 3.359607 1.000000
4800 3.359623 1.000000
4800 3.359678 1.000000
4800 3.375307 1.000000
4800 3.359698 1.000000
4800 3.359682 1.000000
4800 3.375256 1.000000
4800 3.375243 10.000000
4800 3.359658 10.000000
4800 3.359670 10.000000
4800 3.375250 10.000000
4800 3.359607 10.000000
4800 3.359684 10.000000
4800 3.375251 10.000000
4800 3.359678 10.000000
4800 3.375316 10.000000
4800 3.359608 10.000000
4800 3.453353 100.000000
4800 3.359677 100.000000
4800 3.375243 100.000000
4800 3.359617 100.000000
4800 3.375302 100.000000
4800 3.359687 100.000000
4800 3.375318 100.000000
4800 3.359615 100.000000
4800 3.359685 100.000000
4800 3.359602 100.000000
4800 3.218990 1000.000000
4800 3.359620 1000.000000
4800 3.359681 1000.000000
4800 3.375342 1000.000000
4800 3.373213 1000.000000
4800 3.359617 1000.000000
4800 3.359606 1000.000000
4800 3.359618 1000.000000
4800 3.359673 1000.000000
4800 3.359612 1000.000000
4800 3.390876 10000.000000
4800 3.375234 10000.000000
4800 3.062720 10000.000000
4800 3.375238 10000.000000
4800 3.359619 10000.000000
4800 3.219039 10000.000000
4800 2.922129 10000.000000
4800 3.078344 10000.000000
4800 3.359618 10000.000000
4800 3.218968 10000.000000
4800 3.406549 100000.000000
4800 3.406479 100000.000000
4800 3.406569 100000.000000
4800 3.390931 100000.000000
4800 3.390929 100000.000000
4800 3.093961 100000.000000
4800 3.406550 100000.000000
4800 3.390928 100000.000000
4800 3.234662 100000.000000
4800 3.078345 100000.000000
4800 3.453354 1000000.000000
4800 3.453355 1000000.000000
4800 3.453366 1000000.000000
4800 3.453376 1000000.000000
4800 3.437813 1000000.000000
4800 3.437819 1000000.000000
4800 2.984594 1000000.000000
4800 3.453427 1000000.000000
4800 3.281482 1000000.000000
4800 2.812643 1000000.000000
4900 3.500340 1.000000
4900 3.515893 1.000000
4900 3.500286 1.000000
4900 3.500236 1.000000
4900 3.547110 1.000000
4900 3.515955 1.000000
4900 3.500246 1.000000
4900 3.515948 1.000000
4900 3.515910 1.000000
4900 3.515874 1.000000
4900 3.500256 10.000000
4900 3.515930 10.000000
4900 3.500249 10.000000
4900 3.500301 10.000000
4900 3.500298 10.000000
4900 3.515873 10.000000
4900 3.515875 10.000000
4900 3.562683 10.000000
4900 3.500288 10.000000
4900 3.515942 10.000000
4900 3.515935 100.000000
4900 3.500233 100.000000
4900 3.515877 100.000000
4900 3.500302 100.000000
4900 3.515860 100.000000
4900 3.500232 100.000000
4900 3.531428 100.000000
4900 3.500245 100.000000
4900 3.515852 100.000000
4900 3.515882 100.000000
4900 3.336888 1000.000000
4900 3.578426 1000.000000
4900 3.359607 1000.000000
4900 3.515877 1000.000000
4900 3.515942 1000.000000
4900 3.359615 1000.000000
4900 3.515878 1000.000000
4900 3.500240 1000.000000
4900 3.500246 1000.000000
4900 3.500302 1000.000000
4900 3.359671 10000.000000
4900 3.500179 10000.000000
4900 3.343996 10000.000000
4900 3.515867 10000.000000
4900 3.515941 10000.000000
4900 3.344065 10000.000000
4900 3.562817 10000.000000
4900 3.515866 10000.000000
4900 3.609688 10000.000000
4900 3.187722 10000.000000
4900 3.375246 100000.000000
4900 3.609624 100000.000000
4900 3.562735 100000.000000
4900 3.375247 100000.000000
4900 3.375227 100000.000000
4900 3.375242 100000.000000
4900 3.547117 100000.000000
4900 3.375226 100000.000000
4900 3.547172 100000.000000
4900 3.547121 100000.000000
4900 3.594074 1000000.000000
4900 3.594002 1000000.000000
4900 3.593995 1000000.000000
4900 3.265850 1000000.000000
4900 3.437727 1000000.000000
4900 3.594003 1000000.000000
4900 3.422104 1000000.000000
4900 3.437782 1000000.000000
4900 3.500240 1000000.000000
4900 3.609672 1000000.000000
5000 3.656508 1.000000
5000 3.640891 1.000000
5000 3.656565 1.000000
5000 3.640882 1.000000
5000 3.656500 1.000000
5000 3.656570 1.000000
5000 3.656498 1.000000
5000 3.656490 1.000000
5000 3.672062 1.000000
5000 3.640862 1.000000
5000 3.664589 10.000000
5000 3.656504 10.000000
5000 3.640948 10.000000
5000 3.656556 10.000000
5000 3.656569 10.000000
5000 3.672164 10.000000
5000 3.672173 10.000000
5000 3.640962 10.000000
5000 3.644430 10.000000
5000 3.640926 10.000000
5000 3.656498 100.000000
5000 3.640918 100.000000
5000 3.656511 100.000000
5000 3.656517 100.000000
5000 3.640862 100.000000
5000 3.640944 100.000000
5000 3.656507 100.000000
5000 3.640939 100.000000
5000 3.640939 100.000000
5000 3.656514 100.000000
5000 3.656492 1000.000000
5000 3.640883 1000.000000
5000 3.656568 1000.000000
5000 3.656577 1000.000000
5000 3.640865 1000.000000
5000 3.656515 1000.000000
5000 3.484697 1000.000000
5000 3.484615 1000.000000
5000 3.640880 1000.000000
5000 3.656563 1000.000000
5000 3.484687 10000.000000
5000 3.718992 10000.000000
5000 3.656476 10000.000000
5000 3.656496 10000.000000
5000 3.656489 10000.000000
5000 3.484661 10000.000000
5000 3.656549 10000.000000
5000 3.640869 10000.000000
5000 3.656597 10000.000000
5000 3.484663 10000.000000
5000 3.515930 100000.000000
5000 3.672117 100000.000000
5000 3.578451 100000.000000
5000 3.031470 100000.000000
5000 3.687801 100000.000000
5000 3.687802 100000.000000
5000 3.687741 100000.000000
5000 3.359650 100000.000000
5000 3.515869 100000.000000
5000 3.687798 100000.000000
5000 3.750245 1000000.000000
5000 3.734630 1000000.000000
5000 3.562742 1000000.000000
5000 3.812750 1000000.000000
5000 3.390906 1000000.000000
5000 3.734686 1000000.000000
5000 3.562786 1000000.000000
5000 3.562790 1000000.000000
5000 3.734628 1000000.000000
5000 3.734673 1000000.000000
5100 3.797155 1.000000
5100 3.797182 1.000000
5100 3.781575 1.000000
5100 3.797142 1.000000
5100 3.797207 1.000000
5100 3.797189 1.000000
5100 3.797182 1.000000
5100 3.797128 1.000000
5100 3.797128 1.000000
5100 3.797135 1.000000
5100 3.797183 10.000000
5100 3.797069 10.000000
5100 3.802665 10.000000
5100 3.797176 10.000000
5100 3.844007 10.000000
5100 3.812748 10.000000
5100 3.797123 10.000000
5100 3.797139 10.000000
5100 3.797143 10.000000
5100 3.797202 10.000000
5100 3.781517 100.000000
5100 3.797199 100.000000
5100 3.797122 100.000000
5100 3.797207 100.000000
5100 3.797182 100.000000
5100 3.797069 100.000000
5100 3.781565 100.000000
5100 3.797125 100.000000
5100 3.875273 100.000000
5100 3.797195 100.000000
5100 3.797132 1000.000000
5100 3.828460 1000.000000
5100 3.812700 1000.000000
5100 4.031591 1000.000000
5100 3.797138 1000.000000
5100 3.797130 1000.000000
5100 3.797141 1000.000000
5100 3.890958 1000.000000
5100 3.797133 1000.000000
5100 4.219034 1000.000000
5100 3.797142 10000.000000
5100 4.234697 10000.000000
5100 3.890880 10000.000000
5100 3.812808 10000.000000
5100 3.797139 10000.000000
5100 3.453436 10000.000000
5100 3.453417 10000.000000
5100 4.234730 10000.000000
5100 3.797136 10000.000000
5100 3.797131 10000.000000
5100 3.853032 100000.000000
5100 3.297171 100000.000000
5100 3.656512 100000.000000
5100 3.125314 100000.000000
5100 3.828395 100000.000000
5100 3.828458 100000.000000
5100 3.656507 100000.000000
5100 3.687818 100000.000000
5100 3.750239 100000.000000
5100 3.875259 100000.000000
5100 3.922199 1000000.000000
5100 3.343981 1000000.000000
5100 3.703380 1000000.000000
5100 3.890931 1000000.000000
5100 3.890893 1000000.000000
5100 3.922213 1000000.000000
5100 3.531541 1000000.000000
5100 3.890942 1000000.000000
5100 3.703420 1000000.000000
5100 3.719092 1000000.000000
5200 3.937814 1.000000
5200 4.015949 1.000000
5200 3.953455 1.000000
5200 3.937817 1.000000
5200 3.937831 1.000000
5200 3.937833 1.000000
5200 4.000370 1.000000
5200 3.937767 1.000000
5200 3.937755 1.000000
5200 3.937755 1.000000
5200 3.953449 10.000000
5200 3.953465 10.000000
5200 3.953388 10.000000
5200 3.937836 10.000000
5200 3.937825 10.000000
5200 3.922208 10.000000
5200 3.969007 10.000000
5200 3.953423 10.000000
5200 3.969015 10.000000
5200 3.937766 10.000000
5200 3.953462 100.000000
5200 3.937761 100.000000
5200 3.953451 100.000000
5200 3.953464 100.000000
5200 3.953447 100.000000
5200 3.937753 100.000000
5200 3.937846 100.000000
5200 3.953451 100.000000
5200 3.968950 100.000000
5200 3.953457 100.000000
5200 3.765959 1000.000000
5200 3.953396 1000.000000
5200 3.953446 1000.000000
5200 3.969004 1000.000000
5200 3.937755 1000.000000
5200 3.969018 1000.000000
5200 3.937814 1000.000000
5200 3.765870 1000.000000
5200 3.984663 1000.000000
5200 3.937772 1000.000000
5200 3.781519 10000.000000
5200 3.953397 10000.000000
5200 3.781573 10000.000000
5200 3.781580 10000.000000
5200 3.578440 10000.000000
5200 3.953391 10000.000000
5200 3.765873 10000.000000
5200 3.953396 10000.000000
5200 3.765877 10000.000000
5200 3.937837 10000.000000
5200 3.609625 100000.000000
5200 3.984701 100000.000000
5200 3.797130 100000.000000
5200 3.984652 100000.000000
5200 3.984686 100000.000000
5200 3.797120 100000.000000
5200 3.984692 100000.000000
5200 3.969028 100000.000000
5200 3.984706 100000.000000
5200 3.984685 100000.000000
5200 4.047154 1000000.000000
5200 4.031563 1000000.000000
5200 3.687802 1000000.000000
5200 4.047205 1000000.000000
5200 4.031567 1000000.000000
5200 4.062831 1000000.000000
5200 4.047142 1000000.000000
5200 4.047153 1000000.000000
5200 4.031565 1000000.000000
5200 3.844053 1000000.000000
5300 4.094017 1.000000
5300 4.094088 1.000000
5300 4.094066 1.000000
5300 4.156600 1.000000
5300 4.109707 1.000000
5300 4.109713 1.000000
5300 4.078448 1.000000
5300 4.109698 1.000000
5300 4.078460 1.000000
5300 4.078442 1.000000
5300 4.094091 10.000000
5300 4.094085 10.000000
5300 4.094076 10.000000
5300 4.094078 10.000000
5300 4.125272 10.000000
5300 4.109704 10.000000
5300 4.094014 10.000000
5300 4.094082 10.000000
5300 4.109721 10.000000
5300 4.094074 10.000000
5300 4.094075 100.000000
5300 4.109638 100.000000
5300 4.172205 100.000000
5300 4.078448 100.000000
5300 4.078470 100.000000
5300 4.094100 100.000000
5300 4.094090 100.000000
5300 4.094031 100.000000
5300 4.109750 100.000000
5300 4.156569 100.000000
5300 4.094027 1000.000000
5300 4.094083 1000.000000
5300 3.890948 1000.000000
5300 4.094014 1000.000000
5300 4.094023 1000.000000
5300 4.109635 1000.000000
5300 4.094196 1000.000000
5300 4.094024 1000.000000
5300 4.094025 1000.000000
5300 4.094071 1000.000000
5300 4.094102 10000.000000
5300 3.969085 10000.000000
5300 4.094089 10000.000000
5300 4.094030 10000.000000
5300 4.094095 10000.000000
5300 4.094066 10000.000000
5300 4.094085 10000.000000
5300 4.109707 10000.000000
5300 4.094113 10000.000000
5300 4.094066 10000.000000
5300 4.125280 100000.000000
5300 4.125266 100000.000000
5300 3.750318 100000.000000
5300 3.937765 100000.000000
5300 3.953433 100000.000000
5300 4.125260 100000.000000
5300 4.140986 100000.000000
5300 4.133890 100000.000000
5300 3.797173 100000.000000
5300 4.125338 100000.000000
5300 3.422187 1000000.000000
5300 3.625254 1000000.000000
5300 3.609668 1000000.000000
5300 4.015963 1000000.000000
5300 3.625239 1000000.000000
5300 4.187821 1000000.000000
5300 3.625239 1000000.000000
5300 4.187773 1000000.000000
5300 4.250352 1000000.000000
5300 4.187847 1000000.000000
5400 4.250347 1.000000
5400 4.250356 1.000000
5400 4.250271 1.000000
5400 4.250267 1.000000
5400 4.250353 1.000000
5400 4.312775 1.000000
5400 4.250281 1.000000
5400 4.265897 1.000000
5400 4.250417 1.000000
5400 4.234684 1.000000
5400 4.734741 10.000000
5400 4.265980 10.000000
5400 4.734687 10.000000
5400 4.250349 10.000000
5400 4.250287 10.000000
5400 4.724635 10.000000
5400 4.281521 10.000000
5400 4.719167 10.000000
5400 4.234715 10.000000
5400 4.250278 10.000000
5400 4.719100 100.000000
5400 4.265969 100.000000
5400 4.719126 100.000000
5400 4.234797 100.000000
5400 4.250288 100.000000
5400 4.734760 100.000000
5400 4.265912 100.000000
5400 4.812888 100.000000
5400 4.234733 100.000000
5400 4.250340 100.000000
5400 4.719111 1000.000000
5400 4.078459 1000.000000
5400 4.734745 1000.000000
5400 4.250343 1000.000000
5400 4.265920 1000.000000
5400 4.734692 1000.000000
5400 4.265897 1000.000000
5400 4.734738 1000.000000
5400 4.234708 1000.000000
5400 4.234707 1000.000000
5400 4.750314 10000.000000
5400 4.265978 10000.000000
5400 4.734764 10000.000000
5400 4.234706 10000.000000
5400 4.250345 10000.000000
5400 4.515986 10000.000000
5400 4.265980 10000.000000
5400 4.515990 10000.000000
5400 4.047221 10000.000000
5400 4.062775 10000.000000
5400 4.750312 100000.000000
5400 3.328357 100000.000000
5400 4.765940 100000.000000
5400 4.078470 100000.000000
5400 3.953433 100000.000000
5400 4.547241 100000.000000
5400 3.906578 100000.000000
5400 4.547178 100000.000000
5400 4.281619 100000.000000
5400 4.281588 100000.000000
5400 4.609677 1000000.000000
5400 4.406539 1000000.000000
5400 4.375350 1000000.000000
5400 4.140893 1000000.000000
5400 3.953456 1000000.000000
5400 4.828491 1000000.000000
5400 3.969146 1000000.000000
5400 4.812860 1000000.000000
5400 4.344040 1000000.000000
5400 4.156582 1000000.000000
5500 4.422213 1.000000
5500 4.406537 1.000000
5500 4.422222 1.000000
5500 4.390914 1.000000
5500 4.406590 1.000000
5500 4.406542 1.000000
5500 4.406611 1.000000
5500 4.406529 1.000000
5500 4.406550 1.000000
5500 4.390988 1.000000
5500 4.406617 10.000000
5500 4.453538 10.000000
5500 4.390991 10.000000
5500 4.406609 10.000000
5500 4.406590 10.000000
5500 4.406544 10.000000
5500 4.406608 10.000000
5500 4.390992 10.000000
5500 4.406591 10.000000
5500 4.390925 10.000000
5500 4.406601 100.000000
5500 4.406603 100.000000
5500 4.390956 100.000000
5500 4.406610 100.000000
5500 4.406597 100.000000
5500 4.406603 100.000000
5500 4.406604 100.000000
5500 4.390904 100.000000
5500 4.390964 100.000000
5500 4.406664 100.000000
5500 4.406590 1000.000000
5500 4.470613 1000.000000
5500 4.453478 1000.000000
5500 4.406600 1000.000000
5500 4.406588 1000.000000
5500 4.406585 1000.000000
5500 4.422101 1000.000000
5500 4.422204 1000.000000
5500 4.406603 1000.000000
5500 4.203460 1000.000000
5500 4.406595 10000.000000
5500 4.406656 10000.000000
5500 4.203408 10000.000000
5500 4.422233 10000.000000
5500 4.469092 10000.000000
5500 3.984649 10000.000000
5500 4.406535 10000.000000
5500 4.203409 10000.000000
5500 4.203472 10000.000000
5500 4.406618 10000.000000
5500 4.437928 100000.000000
5500 4.049687 100000.000000
5500 4.234644 100000.000000
5500 4.437869 100000.000000
5500 4.047163 100000.000000
5500 4.422160 100000.000000
5500 4.234646 100000.000000
5500 4.250338 100000.000000
5500 4.453547 100000.000000
5500 4.031587 100000.000000
5500 4.359729 1000000.000000
5500 4.484736 1000000.000000
5500 4.515978 1000000.000000
5500 4.500364 1000000.000000
