3100 3.437803 1.000000
3100 3.531499 1.000000
3100 3.515872 1.000000
3100 3.515928 1.000000
3100 3.515880 1.000000
3100 3.500323 1.000000
3100 3.500240 1.000000
3100 3.469048 1.000000
3100 3.578421 1.000000
3100 3.547144 1.000000
3100 3.500247 10.000000
3100 3.437802 10.000000
3100 3.437748 10.000000
3100 3.437732 10.000000
3100 3.453353 10.000000
3100 3.453373 10.000000
3100 3.484672 10.000000
3100 3.531563 10.000000
3100 3.453443 10.000000
3100 3.465397 10.000000
3100 3.437803 100.000000
3100 3.437730 100.000000
3100 3.437730 100.000000
3100 3.406501 100.000000
3100 3.406479 100.000000
3100 3.453381 100.000000
3100 3.437796 100.000000
3100 3.375296 100.000000
3100 3.390947 100.000000
3100 3.437848 100.000000
3100 3.453366 1000.000000
3100 3.312722 1000.000000
3100 3.437743 1000.000000
3100 3.437804 1000.000000
3100 3.453368 1000.000000
3100 3.437788 1000.000000
3100 3.312737 1000.000000
3100 3.437795 1000.000000
3100 3.250315 1000.000000
3100 3.484606 1000.000000
3100 3.312723 10000.000000
3100 3.265885 10000.000000
3100 3.203361 10000.000000
3100 3.312785 10000.000000
3100 3.312724 10000.000000
3100 3.453428 10000.000000
3100 3.437787 10000.000000
3100 3.453351 10000.000000
3100 3.341884 10000.000000
3100 3.422122 10000.000000
3100 3.469058 100000.000000
3100 3.156491 100000.000000
3100 3.469060 100000.000000
3100 3.281557 100000.000000
3100 3.515871 100000.000000
3100 3.422115 100000.000000
3100 3.031518 100000.000000
3100 3.359614 100000.000000
3100 3.468988 100000.000000
3100 3.140918 100000.000000
3100 3.453433 1000000.000000
3100 3.390870 1000000.000000
3100 3.328296 1000000.000000
3100 3.453368 1000000.000000
3100 3.515953 1000000.000000
3100 3.125227 1000000.000000
3100 3.515936 1000000.000000
3100 3.500250 1000000.000000
3100 3.140857 1000000.000000
3100 3.578375 1000000.000000
3200 3.750319 1.000000
3200 3.765954 1.000000
3200 3.703373 1.000000
3200 3.687744 1.000000
3200 3.687808 1.000000
3200 3.765951 1.000000
3200 3.828440 1.000000
3200 3.687822 1.000000
3200 3.765870 1.000000
3200 3.765870 1.000000
3200 3.703421 10.000000
3200 3.703372 10.000000
3200 3.703433 10.000000
3200 3.719017 10.000000
3200 3.703368 10.000000
3200 3.703376 10.000000
3200 3.703426 10.000000
3200 3.718991 10.000000
3200 3.687764 10.000000
3200 3.703433 10.000000
3200 3.703450 100.000000
3200 3.687744 100.000000
3200 3.687794 100.000000
3200 3.625307 100.000000
3200 3.687821 100.000000
3200 3.687743 100.000000
3200 3.765865 100.000000
3200 3.703388 100.000000
3200 3.703456 100.000000
3200 3.687798 100.000000
3200 3.687797 1000.000000
3200 3.562807 1000.000000
3200 3.703458 1000.000000
3200 3.437801 1000.000000
3200 3.703454 1000.000000
3200 3.562752 1000.000000
3200 3.703382 1000.000000
3200 3.500248 1000.000000
3200 3.625313 1000.000000
3200 3.578442 1000.000000
3200 3.547207 10000.000000
3200 4.140971 10000.000000
3200 3.640938 10000.000000
3200 3.703424 10000.000000
3200 3.562737 10000.000000
3200 3.703433 10000.000000
3200 3.422176 10000.000000
3200 3.687803 10000.000000
3200 3.625263 10000.000000
3200 3.703446 10000.000000
3200 3.406570 100000.000000
3200 3.719046 100000.000000
3200 3.719004 100000.000000
3200 3.469035 100000.000000
3200 3.730552 100000.000000
3200 3.515930 100000.000000
3200 3.437733 100000.000000
3200 3.250230 100000.000000
3200 3.375171 100000.000000
3200 3.578383 100000.000000
3200 3.703391 1000000.000000
3200 3.687810 1000000.000000
3200 3.781442 1000000.000000
3200 3.375302 1000000.000000
3200 3.687743 1000000.000000
3200 3.422164 1000000.000000
3200 3.781514 1000000.000000
3200 3.625254 1000000.000000
3200 3.797139 1000000.000000
3200 3.562743 1000000.000000
3300 3.953456 1.000000
3300 4.015964 1.000000
3300 4.047154 1.000000
3300 4.015951 1.000000
3300 4.062774 1.000000
3300 3.953389 1.000000
3300 3.953395 1.000000
3300 3.953399 1.000000
3300 3.953451 1.000000
3300 4.031513 1.000000
3300 3.969014 10.000000
3300 3.937826 10.000000
3300 3.953465 10.000000
3300 3.953435 10.000000
3300 3.953464 10.000000
3300 3.953470 10.000000
3300 3.953464 10.000000
3300 4.062845 10.000000
3300 3.953464 10.000000
3300 3.953458 10.000000
3300 3.953395 100.000000
3300 3.953448 100.000000
3300 3.953395 100.000000
3300 4.000311 100.000000
3300 3.953452 100.000000
3300 3.937829 100.000000
3300 3.937851 100.000000
3300 3.953405 100.000000
3300 3.953435 100.000000
3300 3.969094 100.000000
3300 3.875324 1000.000000
3300 3.937850 1000.000000
3300 3.875264 1000.000000
3300 3.875331 1000.000000
3300 3.969060 1000.000000
3300 3.812829 1000.000000
3300 3.984740 1000.000000
3300 3.875264 1000.000000
3300 3.875342 1000.000000
3300 3.937697 1000.000000
3300 3.468990 10000.000000
3300 3.890945 10000.000000
3300 3.890958 10000.000000
3300 3.953466 10000.000000
3300 3.953469 10000.000000
3300 3.890971 10000.000000
3300 3.593995 10000.000000
3300 3.969083 10000.000000
3300 3.969086 10000.000000
3300 3.437825 10000.000000
3300 2.625193 100000.000000
3300 3.484616 100000.000000
3300 3.406567 100000.000000
3300 3.265959 100000.000000
3300 3.844004 100000.000000
3300 3.922223 100000.000000
3300 3.984574 100000.000000
3300 3.844118 100000.000000
3300 3.906529 100000.000000
3300 3.328433 100000.000000
3300 4.015964 1000000.000000
3300 3.687747 1000000.000000
3300 3.969109 1000000.000000
3300 4.062837 1000000.000000
3300 4.047151 1000000.000000
3300 3.453420 1000000.000000
3300 4.047178 1000000.000000
3300 4.031537 1000000.000000
3300 3.984701 1000000.000000
3300 4.078497 1000000.000000
3400 4.250360 1.000000
3400 4.219114 1.000000
3400 4.219031 1.000000
3400 4.281611 1.000000
3400 4.297181 1.000000
3400 4.344033 1.000000
3400 4.281613 1.000000
3400 4.219096 1.000000
3400 4.281634 1.000000
3400 4.234653 1.000000
3400 4.219252 10.000000
3400 4.297152 10.000000
3400 4.219039 10.000000
3400 4.219038 10.000000
3400 4.219091 10.000000
3400 4.203447 10.000000
3400 4.219045 10.000000
3400 4.265956 10.000000
3400 4.219092 10.000000
3400 4.219079 10.000000
3400 4.219073 100.000000
3400 4.250414 100.000000
3400 4.219076 100.000000
3400 4.266008 100.000000
3400 4.219082 100.000000
3400 4.219072 100.000000
3400 4.219021 100.000000
3400 4.219094 100.000000
3400 4.219073 100.000000
3400 4.281659 100.000000
3400 4.062834 1000.000000
3400 4.219156 1000.000000
3400 4.078461 1000.000000
3400 4.078393 1000.000000
3400 4.140953 1000.000000
3400 4.203403 1000.000000
3400 4.140891 1000.000000
3400 4.000276 1000.000000
3400 4.078462 1000.000000
3400 4.062765 1000.000000
3400 4.219083 10000.000000
3400 3.875291 10000.000000
3400 3.906516 10000.000000
3400 4.140950 10000.000000
3400 4.234717 10000.000000
3400 3.844000 10000.000000
3400 3.984649 10000.000000
3400 4.228053 10000.000000
3400 4.219097 10000.000000
3400 4.219100 10000.000000
3400 4.265962 100000.000000
3400 4.187891 100000.000000
3400 4.250331 100000.000000
3400 4.250340 100000.000000
3400 3.890962 100000.000000
3400 4.172202 100000.000000
3400 4.172202 100000.000000
3400 3.484622 100000.000000
3400 4.265985 100000.000000
3400 3.953475 100000.000000
3400 4.234654 1000000.000000
3400 4.312892 1000000.000000
3400 4.312851 1000000.000000
3400 4.250271 1000000.000000
3400 4.312775 1000000.000000
3400 3.463877 1000000.000000
3400 4.219043 1000000.000000
3400 4.234719 1000000.000000
3400 4.078465 1000000.000000
3400 4.234718 1000000.000000
3500 4.515923 1.000000
3500 4.484683 1.000000
3500 4.562841 1.000000
3500 4.562809 1.000000
3500 4.562858 1.000000
3500 4.578421 1.000000
3500 4.484728 1.000000
3500 4.562860 1.000000
3500 4.484731 1.000000
3500 4.578437 1.000000
3500 4.500406 10.000000
3500 4.500396 10.000000
3500 4.495770 10.000000
3500 4.562856 10.000000
3500 4.484675 10.000000
3500 4.484663 10.000000
3500 4.484731 10.000000
3500 4.484751 10.000000
3500 4.484745 10.000000
3500 4.484730 10.000000
3500 4.500299 100.000000
3500 4.484662 100.000000
3500 4.406598 100.000000
3500 4.500337 100.000000
3500 4.562789 100.000000
3500 4.484750 100.000000
3500 4.484733 100.000000
3500 4.500344 100.000000
3500 4.500360 100.000000
3500 4.406605 100.000000
3500 4.328416 1000.000000
3500 4.500374 1000.000000
3500 4.344036 1000.000000
3500 4.515923 1000.000000
3500 4.406585 1000.000000
3500 4.344165 1000.000000
3500 4.328488 1000.000000
3500 4.422289 1000.000000
3500 4.406535 1000.000000
3500 4.344091 1000.000000
3500 4.484723 10000.000000
3500 4.578481 10000.000000
3500 4.328456 10000.000000
3500 4.500341 10000.000000
3500 4.500371 10000.000000
3500 4.500433 10000.000000
3500 4.500295 10000.000000
3500 4.422244 10000.000000
3500 4.500281 10000.000000
3500 4.266015 10000.000000
3500 4.047134 100000.000000
3500 4.453491 100000.000000
3500 4.203467 100000.000000
3500 4.297155 100000.000000
3500 4.437796 100000.000000
3500 4.281524 100000.000000
3500 4.531610 100000.000000
3500 4.453482 100000.000000
3500 3.890882 100000.000000
3500 4.437837 100000.000000
3500 4.359779 1000000.000000
3500 4.594185 1000000.000000
3500 4.578557 1000000.000000
3500 4.406621 1000000.000000
3500 3.844074 1000000.000000
3500 4.437805 1000000.000000
3500 4.172205 1000000.000000
3500 4.578431 1000000.000000
3500 4.594103 1000000.000000
3500 4.172157 1000000.000000
3600 4.859758 1.000000
3600 4.766034 1.000000
3600 4.781599 1.000000
3600 4.875389 1.000000
3600 4.859754 1.000000
3600 4.906618 1.000000
3600 4.859773 1.000000
3600 4.781644 1.000000
3600 4.859731 1.000000
3600 4.869830 1.000000
3600 4.765965 10.000000
3600 4.781622 10.000000
3600 4.766063 10.000000
3600 4.781664 10.000000
3600 4.765983 10.000000
3600 4.828481 10.000000
3600 4.765930 10.000000
3600 4.781608 10.000000
3600 4.781551 10.000000
3600 4.781566 10.000000
3600 4.765923 100.000000
3600 4.781689 100.000000
3600 4.687809 100.000000
3600 4.765995 100.000000
3600 4.765870 100.000000
3600 4.765934 100.000000
3600 4.844121 100.000000
3600 4.781633 100.000000
3600 4.781635 100.000000
3600 4.781724 100.000000
3600 4.687950 1000.000000
3600 4.781701 1000.000000
3600 4.609742 1000.000000
3600 4.672308 1000.000000
3600 4.531622 1000.000000
3600 4.594044 1000.000000
3600 4.609758 1000.000000
3600 4.594057 1000.000000
3600 4.687888 1000.000000
3600 4.594130 1000.000000
3600 4.516000 10000.000000
3600 4.687799 10000.000000
3600 4.562851 10000.000000
3600 4.437866 10000.000000
3600 4.781639 10000.000000
3600 4.703494 10000.000000
3600 4.609749 10000.000000
3600 4.781643 10000.000000
3600 4.687946 10000.000000
3600 4.594133 10000.000000
3600 4.812945 100000.000000
3600 4.812932 100000.000000
3600 4.469113 100000.000000
3600 4.797245 100000.000000
3600 4.828561 100000.000000
3600 4.547252 100000.000000
3600 4.578504 100000.000000
3600 4.719130 100000.000000
3600 4.812883 100000.000000
3600 4.547251 100000.000000
3600 4.797247 1000000.000000
3600 4.891092 1000000.000000
3600 4.797258 1000000.000000
3600 4.265974 1000000.000000
3600 4.547180 1000000.000000
3600 4.906650 1000000.000000
3600 4.906634 1000000.000000
3600 4.609744 1000000.000000
3600 4.625306 1000000.000000
3600 4.781686 1000000.000000
3700 5.141036 1.000000
3700 5.062958 1.000000
3700 5.141011 1.000000
3700 5.047240 1.000000
3700 5.125470 1.000000
3700 5.062955 1.000000
3700 5.156660 1.000000
3700 5.141018 1.000000
3700 5.140953 1.000000
3700 5.219221 1.000000
3700 5.062982 10.000000
3700 5.094209 10.000000
3700 5.047187 10.000000
3700 5.062891 10.000000
3700 5.109692 10.000000
3700 5.047256 10.000000
3700 5.062981 10.000000
3700 5.071313 10.000000
3700 5.062884 10.000000
3700 5.125397 10.000000
3700 5.078524 100.000000
3700 5.062934 100.000000
3700 5.062896 100.000000
3700 5.047281 100.000000
3700 5.125319 100.000000
3700 5.062904 100.000000
3700 5.062896 100.000000
3700 5.062889 100.000000
3700 4.969140 100.000000
3700 5.109745 100.000000
3700 5.062895 1000.000000
3700 5.047259 1000.000000
3700 4.969148 1000.000000
3700 4.953506 1000.000000
3700 5.047275 1000.000000
3700 5.062933 1000.000000
3700 4.875434 1000.000000
3700 4.875376 1000.000000
3700 4.875385 1000.000000
3700 5.016019 1000.000000
3700 5.062892 10000.000000
3700 5.078533 10000.000000
3700 5.062885 10000.000000
3700 5.062976 10000.000000
3700 4.922253 10000.000000
3700 5.047245 10000.000000
3700 4.969346 10000.000000
3700 4.797258 10000.000000
3700 4.797272 10000.000000
3700 5.047261 10000.000000
3700 5.109783 100000.000000
3700 5.125395 100000.000000
3700 4.922190 100000.000000
3700 5.109784 100000.000000
3700 5.187874 100000.000000
3700 4.094152 100000.000000
3700 5.109753 100000.000000
3700 5.109759 100000.000000
3700 4.828486 100000.000000
3700 5.062863 100000.000000
3700 4.890930 1000000.000000
3700 4.906618 1000000.000000
3700 5.086560 1000000.000000
3700 4.797315 1000000.000000
3700 5.187889 1000000.000000
3700 5.078526 1000000.000000
3700 4.719120 1000000.000000
3700 4.703473 1000000.000000
3700 5.156641 1000000.000000
3700 5.172260 1000000.000000
3800 5.344132 1.000000
3800 5.344230 1.000000
3800 5.422282 1.000000
3800 5.359771 1.000000
3800 5.500410 1.000000
3800 5.453608 1.000000
3800 5.344228 1.000000
3800 5.344160 1.000000
3800 5.453593 1.000000
3800 5.437948 1.000000
3800 5.344152 10.000000
3800 5.359782 10.000000
3800 5.344189 10.000000
3800 5.344135 10.000000
3800 5.344170 10.000000
3800 5.359862 10.000000
3800 5.344214 10.000000
3800 5.344139 10.000000
3800 5.422273 10.000000
3800 5.359783 10.000000
3800 5.266056 100.000000
3800 5.344226 100.000000
3800 5.344149 100.000000
3800 5.406668 100.000000
3800 5.328521 100.000000
3800 5.344152 100.000000
3800 5.359775 100.000000
3800 5.328596 100.000000
3800 5.344223 100.000000
3800 5.344147 100.000000
3800 5.250484 1000.000000
3800 5.344219 1000.000000
3800 5.203539 1000.000000
3800 5.344161 1000.000000
3800 5.344212 1000.000000
3800 5.375418 1000.000000
3800 5.328540 1000.000000
3800 5.312976 1000.000000
3800 5.250410 1000.000000
3800 5.062892 1000.000000
3800 5.359810 10000.000000
3800 5.281716 10000.000000
3800 5.172354 10000.000000
3800 5.062908 10000.000000
3800 4.781622 10000.000000
3800 5.266079 10000.000000
3800 4.781698 10000.000000
3800 4.969130 10000.000000
3800 5.156660 10000.000000
3800 5.342054 10000.000000
3800 5.109800 100000.000000
3800 4.219101 100000.000000
3800 5.187833 100000.000000
3800 5.391046 100000.000000
3800 5.297261 100000.000000
3800 5.297350 100000.000000
3800 5.312898 100000.000000
3800 4.906623 100000.000000
3800 5.109698 100000.000000
3800 5.281581 100000.000000
3800 5.484802 1000000.000000
3800 5.375476 1000000.000000
3800 5.375411 1000000.000000
3800 4.594145 1000000.000000
3800 5.375478 1000000.000000
3800 5.391042 1000000.000000
3800 5.281700 1000000.000000
3800 5.187889 1000000.000000
3800 5.078527 1000000.000000
3800 5.375488 1000000.000000
3900 5.656753 1.000000
3900 5.719235 1.000000
3900 5.734949 1.000000
3900 5.766135 1.000000
3900 5.750481 1.000000
3900 5.750472 1.000000
3900 5.750427 1.000000
3900 5.755423 1.000000
3900 5.734806 1.000000
3900 5.656735 1.000000
3900 5.656606 10.000000
3900 5.641124 10.000000
3900 5.625494 10.000000
3900 5.656747 10.000000
3900 5.687911 10.000000
3900 5.641041 10.000000
3900 5.641122 10.000000
3900 5.656670 10.000000
3900 5.641098 10.000000
3900 5.656667 10.000000
3900 5.656733 100.000000
3900 5.641052 100.000000
3900 5.656687 100.000000
3900 5.703535 100.000000
3900 5.562930 100.000000
3900 5.656610 100.000000
3900 5.656741 100.000000
3900 5.641036 100.000000
3900 5.641119 100.000000
3900 5.641122 100.000000
3900 5.641112 1000.000000
3900 5.453543 1000.000000
3900 5.609737 1000.000000
3900 5.672310 1000.000000
3900 5.641035 1000.000000
3900 5.531662 1000.000000
3900 5.531666 1000.000000
3900 5.641112 1000.000000
3900 5.656684 1000.000000
3900 5.547216 1000.000000
3900 5.250500 10000.000000
3900 5.234836 10000.000000
3900 5.250339 10000.000000
3900 5.641117 10000.000000
3900 5.547218 10000.000000
3900 5.453610 10000.000000
3900 5.031641 10000.000000
3900 5.541785 10000.000000
3900 5.453540 10000.000000
3900 5.656743 10000.000000
3900 5.734882 100000.000000
3900 5.391105 100000.000000
3900 5.187886 100000.000000
3900 5.703634 100000.000000
3900 5.703562 100000.000000
3900 5.703635 100000.000000
3900 4.875389 100000.000000
3900 5.594183 100000.000000
3900 5.687916 100000.000000
3900 5.297283 100000.000000
3900 5.469226 1000000.000000
3900 4.652027 1000000.000000
3900 5.672375 1000000.000000
3900 5.687995 1000000.000000
3900 5.719236 1000000.000000
3900 5.781689 1000000.000000
3900 5.672311 1000000.000000
3900 5.672296 1000000.000000
3900 5.703628 1000000.000000
3900 5.484890 1000000.000000
4000 6.047396 1.000000
4000 5.937992 1.000000
4000 5.937918 1.000000
4000 6.062933 1.000000
4000 5.939502 1.000000
4000 5.969245 1.000000
4000 6.047300 1.000000
4000 6.016083 1.000000
4000 6.047401 1.000000
4000 5.938010 1.000000
4000 5.953626 10.000000
4000 6.000447 10.000000
4000 5.937985 10.000000
4000 5.937975 10.000000
4000 5.938013 10.000000
4000 5.938016 10.000000
4000 5.969256 10.000000
4000 5.953626 10.000000
4000 5.953644 10.000000
4000 5.969268 10.000000
4000 5.937860 100.000000
4000 5.922388 100.000000
4000 5.938006 100.000000
4000 5.937930 100.000000
4000 5.969263 100.000000
4000 5.938002 100.000000
4000 5.937924 100.000000
4000 5.953641 100.000000
4000 6.031757 100.000000
4000 5.837067 100.000000
4000 5.953639 1000.000000
4000 5.828549 1000.000000
4000 5.734868 1000.000000
4000 5.828598 1000.000000
4000 5.828558 1000.000000
4000 5.844238 1000.000000
4000 5.953639 1000.000000
4000 5.953645 1000.000000
4000 5.953611 1000.000000
4000 5.828499 1000.000000
4000 5.953559 10000.000000
4000 5.500627 10000.000000
4000 5.828488 10000.000000
4000 5.828602 10000.000000
4000 5.844182 10000.000000
4000 6.000470 10000.000000
4000 5.953646 10000.000000
4000 5.844185 10000.000000
4000 5.953575 10000.000000
4000 5.953645 10000.000000
4000 5.891054 100000.000000
4000 5.797304 100000.000000
4000 5.687911 100000.000000
4000 6.000455 100000.000000
4000 5.187838 100000.000000
4000 5.781690 100000.000000
4000 5.250484 100000.000000
4000 5.875504 100000.000000
4000 5.891050 100000.000000
4000 5.875485 100000.000000
4000 5.969183 1000000.000000
4000 4.781563 1000000.000000
4000 5.656758 1000000.000000
4000 5.969170 1000000.000000
4000 6.078559 1000000.000000
4000 5.859736 1000000.000000
4000 4.469104 1000000.000000
4000 5.953570 1000000.000000
4000 6.094200 1000000.000000
4000 5.312893 1000000.000000
4100 6.250543 1.000000
4100 6.984935 1.000000
4100 6.250451 1.000000
4100 6.250450 1.000000
4100 6.281794 1.000000
4100 6.375588 1.000000
4100 6.375516 1.000000
4100 6.266074 1.000000
4100 6.266135 1.000000
4100 6.250527 1.000000
4100 6.266078 10.000000
4100 6.266233 10.000000
4100 6.266115 10.000000
4100 6.266126 10.000000
4100 6.250507 10.000000
4100 6.250564 10.000000
4100 6.266158 10.000000
4100 6.281751 10.000000
4100 6.250463 10.000000
4100 6.250538 10.000000
4100 6.266081 100.000000
4100 6.297346 100.000000
4100 6.250492 100.000000
4100 6.250513 100.000000
4100 6.266074 100.000000
4100 6.297394 100.000000
4100 6.266136 100.000000
4100 6.141158 100.000000
4100 6.250394 100.000000
4100 6.297387 100.000000
4100 6.266091 1000.000000
4100 6.141150 1000.000000
4100 6.156773 1000.000000
4100 6.266146 1000.000000
4100 6.141151 1000.000000
4100 6.156786 1000.000000
4100 6.062956 1000.000000
4100 6.156777 1000.000000
4100 6.047365 1000.000000
4100 6.156831 1000.000000
4100 5.844326 10000.000000
4100 6.250615 10000.000000
4100 5.922394 10000.000000
4100 5.703630 10000.000000
4100 6.172330 10000.000000
4100 6.047370 10000.000000
4100 6.284228 10000.000000
4100 5.594168 10000.000000
4100 6.281742 10000.000000
4100 5.922343 10000.000000
4100 6.328613 100000.000000
4100 6.219269 100000.000000
4100 5.641092 100000.000000
4100 6.094266 100000.000000
4100 5.250430 100000.000000
4100 6.312893 100000.000000
4100 6.313027 100000.000000
4100 6.312959 100000.000000
4100 6.261947 100000.000000
4100 6.313012 100000.000000
4100 6.063006 1000000.000000
4100 5.703525 1000000.000000
4100 6.375496 1000000.000000
4100 6.172389 1000000.000000
4100 6.406765 1000000.000000
4100 6.297369 1000000.000000
4100 6.328627 1000000.000000
4100 6.297372 1000000.000000
4100 6.063000 1000000.000000
4100 6.391222 1000000.000000
4200 6.652647 1.000000
4200 6.688055 1.000000
4200 6.594283 1.000000
4200 6.578701 1.000000
4200 6.656850 1.000000
4200 6.563110 1.000000
4200 6.578586 1.000000
4200 6.578652 1.000000
4200 6.594280 1.000000
4200 6.563107 1.000000
4200 6.563037 10.000000
4200 6.578661 10.000000
4200 6.578674 10.000000
4200 6.563097 10.000000
4200 6.563024 10.000000
4200 6.578667 10.000000
4200 6.578591 10.000000
4200 6.563026 10.000000
4200 6.578683 10.000000
4200 6.625453 10.000000
4200 6.563096 100.000000
4200 6.578666 100.000000
4200 6.578718 100.000000
4200 6.641170 100.000000
4200 6.563006 100.000000
4200 6.547407 100.000000
4200 6.578645 100.000000
4200 6.562961 100.000000
4200 6.578641 100.000000
4200 6.484907 100.000000
4200 6.328649 1000.000000
4200 6.453651 1000.000000
4200 6.328653 1000.000000
4200 6.578685 1000.000000
4200 6.227322 1000.000000
4200 6.578656 1000.000000
4200 6.109873 1000.000000
4200 6.344251 1000.000000
4200 6.328646 1000.000000
4200 6.344281 1000.000000
4200 6.109868 10000.000000
4200 6.344267 10000.000000
4200 6.469251 10000.000000
4200 6.109886 10000.000000
4200 6.578591 10000.000000
4200 6.563036 10000.000000
4200 6.656838 10000.000000
4200 6.469300 10000.000000
4200 6.000504 10000.000000
4200 6.594276 10000.000000
4200 6.688042 100000.000000
4200 6.047384 100000.000000
4200 6.281703 100000.000000
4200 6.391183 100000.000000
4200 5.625459 100000.000000
4200 6.516210 100000.000000
4200 6.031739 100000.000000
4200 6.656787 100000.000000
4200 5.203573 100000.000000
4200 6.641183 100000.000000
4200 6.734920 1000000.000000
4200 6.250540 1000000.000000
4200 6.563035 1000000.000000
4200 6.711314 1000000.000000
4200 6.734904 1000000.000000
4200 6.250450 1000000.000000
4200 6.438013 1000000.000000
4200 6.266087 1000000.000000
4200 6.750601 1000000.000000
4200 6.500540 1000000.000000
4300 7.031822 1.000000
4300 6.891172 1.000000
4300 6.906789 1.000000
4300 7.016156 1.000000
4300 6.875582 1.000000
4300 6.906872 1.000000
4300 7.016165 1.000000
4300 6.984947 1.000000
4300 6.875520 1.000000
4300 6.891173 1.000000
4300 6.899201 10.000000
4300 6.906784 10.000000
4300 6.891149 10.000000
4300 6.891114 10.000000
4300 6.875555 10.000000
4300 6.875458 10.000000
4300 6.906790 10.000000
4300 6.891171 10.000000
4300 6.953680 10.000000
4300 6.906804 10.000000
4300 6.766207 100.000000
4300 6.906821 100.000000
4300 7.688165 100.000000
4300 6.766173 100.000000
4300 6.891118 100.000000
4300 6.969234 100.000000
4300 6.906684 100.000000
4300 6.891200 100.000000
4300 6.766165 100.000000
4300 6.891160 100.000000
4300 6.875620 1000.000000
4300 6.766178 1000.000000
4300 6.891166 1000.000000
4300 6.625587 1000.000000
4300 6.766233 1000.000000
4300 6.797423 1000.000000
4300 6.828668 1000.000000
4300 6.797451 1000.000000
4300 6.891248 1000.000000
4300 6.625520 1000.000000
4300 6.953684 10000.000000
4300 6.672410 10000.000000
4300 6.641091 10000.000000
4300 6.922401 10000.000000
4300 6.797344 10000.000000
4300 6.766163 10000.000000
4300 6.656781 10000.000000
4300 6.656794 10000.000000
4300 6.516144 10000.000000
4300 6.891178 10000.000000
4300 6.953708 100000.000000
4300 6.766181 100000.000000
4300 6.203568 100000.000000
4300 5.469248 100000.000000
4300 6.836677 100000.000000
4300 6.813011 100000.000000
4300 6.469257 100000.000000
4300 6.578581 100000.000000
4300 6.703649 100000.000000
4300 6.953674 100000.000000
4300 7.047412 1000000.000000
4300 6.813066 1000000.000000
4300 7.063051 1000000.000000
4300 7.063151 1000000.000000
4300 6.922507 1000000.000000
4300 6.931925 1000000.000000
4300 4.984771 1000000.000000
4300 6.938043 1000000.000000
4300 6.172385 1000000.000000
4300 7.047471 1000000.000000
4400 7.313137 1.000000
4400 7.234948 1.000000
4400 7.203672 1.000000
4400 7.219292 1.000000
4400 7.234871 1.000000
4400 7.344392 1.000000
4400 7.219255 1.000000
4400 7.266251 1.000000
4400 7.219366 1.000000
4400 7.234944 1.000000
4400 7.219379 10.000000
4400 7.219324 10.000000
4400 7.219304 10.000000
4400 7.234947 10.000000
4400 7.219261 10.000000
4400 7.234987 10.000000
4400 7.220436 10.000000
4400 7.281825 10.000000
4400 7.219289 10.000000
4400 7.203686 10.000000
4400 7.094312 100.000000
4400 7.219323 100.000000
4400 7.235016 100.000000
4400 7.234893 100.000000
4400 7.281736 100.000000
4400 7.219347 100.000000
4400 7.219287 100.000000
4400 7.234958 100.000000
4400 7.250646 100.000000
4400 7.094322 100.000000
4400 7.094316 1000.000000
4400 7.297500 1000.000000
4400 6.953783 1000.000000
4400 7.094257 1000.000000
4400 6.969297 1000.000000
4400 7.094303 1000.000000
4400 7.234961 1000.000000
4400 7.094307 1000.000000
4400 7.250614 1000.000000
4400 6.703690 1000.000000
4400 7.094294 10000.000000
4400 7.094424 10000.000000
4400 6.984977 10000.000000
4400 6.953603 10000.000000
4400 6.328593 10000.000000
4400 7.109983 10000.000000
4400 6.578676 10000.000000
4400 6.844295 10000.000000
4400 6.703593 10000.000000
4400 6.922403 10000.000000
4400 6.516173 100000.000000
4400 6.891221 100000.000000
4400 7.031805 100000.000000
4400 7.297448 100000.000000
4400 7.281824 100000.000000
4400 6.516170 100000.000000
4400 6.906796 100000.000000
4400 7.031747 100000.000000
4400 7.281814 100000.000000
4400 7.047459 100000.000000
4400 7.000561 1000000.000000
4400 7.266200 1000000.000000
4400 7.000560 1000000.000000
4400 7.266251 1000000.000000
4400 6.734915 1000000.000000
4400 7.000562 1000000.000000
4400 5.953534 1000000.000000
4400 6.672360 1000000.000000
4400 7.141198 1000000.000000
4400 7.257187 1000000.000000
4500 7.563167 1.000000
4500 7.563125 1.000000
4500 7.719267 1.000000
4500 7.547555 1.000000
4500 7.625675 1.000000
4500 7.547506 1.000000
4500 7.563185 1.000000
4500 7.641205 1.000000
4500 7.547437 1.000000
4500 7.540463 1.000000
4500 7.594414 10.000000
4500 7.547469 10.000000
4500 7.547461 10.000000
4500 7.547485 10.000000
4500 7.578783 10.000000
4500 7.563081 10.000000
4500 7.563068 10.000000
4500 7.625656 10.000000
4500 7.563087 10.000000
4500 7.547449 10.000000
4500 7.438125 100.000000
4500 7.563108 100.000000
4500 7.547517 100.000000
4500 7.578703 100.000000
4500 7.547369 100.000000
4500 7.563137 100.000000
4500 7.547486 100.000000
4500 7.594382 100.000000
4500 7.547463 100.000000
4500 7.563171 100.000000
4500 7.469324 1000.000000
4500 7.297429 1000.000000
4500 7.563088 1000.000000
4500 7.297542 1000.000000
4500 7.563174 1000.000000
4500 7.547553 1000.000000
4500 7.547518 1000.000000
4500 7.375576 1000.000000
4500 7.297423 1000.000000
4500 7.422379 1000.000000
4500 7.047432 10000.000000
4500 6.750682 10000.000000
4500 7.281826 10000.000000
4500 6.766180 10000.000000
4500 7.688137 10000.000000
4500 7.438086 10000.000000
4500 7.422368 10000.000000
4500 7.609956 10000.000000
4500 7.563089 10000.000000
4500 7.031792 10000.000000
4500 7.516224 100000.000000
4500 6.938033 100000.000000
4500 6.969231 100000.000000
4500 7.360040 100000.000000
4500 7.531824 100000.000000
4500 7.344317 100000.000000
4500 6.547340 100000.000000
4500 7.078677 100000.000000
4500 7.063047 100000.000000
4500 6.801136 100000.000000
4500 7.625655 1000000.000000
4500 7.672466 1000000.000000
4500 7.203648 1000000.000000
4500 7.469319 1000000.000000
4500 7.734945 1000000.000000
4500 7.610047 1000000.000000
4500 7.750577 1000000.000000
4500 7.594336 1000000.000000
4500 7.594376 1000000.000000
4500 6.623080 1000000.000000
4600 7.891298 1.000000
4600 7.953735 1.000000
4600 7.891225 1.000000
4600 7.891295 1.000000
4600 7.953807 1.000000
4600 7.906887 1.000000
4600 7.906931 1.000000
4600 7.891245 1.000000
4600 7.891217 1.000000
4600 7.891275 1.000000
4600 7.922335 10.000000
4600 7.891143 10.000000
4600 7.922540 10.000000
4600 7.891192 10.000000
4600 7.906852 10.000000
4600 7.891223 10.000000
4600 7.891208 10.000000
4600 7.938028 10.000000
4600 7.891215 10.000000
4600 7.922477 10.000000
4600 7.969269 100.000000
4600 7.891156 100.000000
4600 7.781834 100.000000
4600 7.938085 100.000000
4600 7.875584 100.000000
4600 7.906827 100.000000
4600 7.891218 100.000000
4600 7.892213 100.000000
4600 7.906832 100.000000
4600 7.906847 100.000000
4600 7.750581 1000.000000
4600 7.750578 1000.000000
4600 7.750522 1000.000000
4600 7.891261 1000.000000
4600 7.750574 1000.000000
4600 7.891209 1000.000000
4600 7.672443 1000.000000
4600 7.813172 1000.000000
4600 7.891233 1000.000000
4600 7.844294 1000.000000
4600 7.609966 10000.000000
4600 7.781851 10000.000000
4600 7.891260 10000.000000
4600 7.781845 10000.000000
4600 7.906834 10000.000000
4600 7.625584 10000.000000
4600 7.766206 10000.000000
4600 7.906922 10000.000000
4600 7.625574 10000.000000
4600 7.984910 10000.000000
4600 7.672450 100000.000000
4600 7.266162 100000.000000
4600 7.922538 100000.000000
4600 7.985041 100000.000000
4600 7.969418 100000.000000
4600 7.688086 100000.000000
4600 7.399947 100000.000000
4600 7.969336 100000.000000
4600 7.391129 100000.000000
4600 7.828701 100000.000000
4600 8.078781 1000000.000000
4600 8.078826 1000000.000000
4600 8.109921 1000000.000000
4600 7.953664 1000000.000000
4600 7.203678 1000000.000000
4600 8.156843 1000000.000000
4600 7.938035 1000000.000000
4600 8.094418 1000000.000000
4600 8.172476 1000000.000000
4600 8.078732 1000000.000000
4700 8.235040 1.000000
4700 8.281837 1.000000
4700 8.250709 1.000000
4700 8.391185 1.000000
4700 8.469401 1.000000
4700 8.235000 1.000000
4700 8.235034 1.000000
4700 8.266295 1.000000
4700 8.266244 1.000000
4700 8.250658 1.000000
4700 8.235053 10.000000
4700 8.250683 10.000000
4700 8.235061 10.000000
4700 8.266214 10.000000
4700 8.235057 10.000000
4700 8.250616 10.000000
4700 8.250686 10.000000
4700 8.234999 10.000000
4700 8.250677 10.000000
4700 8.219348 10.000000
4700 8.234997 100.000000
4700 8.250628 100.000000
4700 8.235003 100.000000
4700 8.250598 100.000000
4700 8.266259 100.000000
4700 8.234980 100.000000
4700 8.234987 100.000000
4700 8.219361 100.000000
4700 8.234985 100.000000
4700 8.234983 100.000000
4700 8.078732 1000.000000
4700 8.078739 1000.000000
4700 7.953707 1000.000000
4700 8.109982 1000.000000
4700 8.234973 1000.000000
4700 8.234989 1000.000000
4700 8.094295 1000.000000
4700 8.250611 1000.000000
4700 8.235038 1000.000000
4700 8.109981 1000.000000
4700 7.984898 10000.000000
4700 8.109931 10000.000000
4700 8.110057 10000.000000
4700 8.109973 10000.000000
4700 8.250615 10000.000000
4700 7.516123 10000.000000
4700 8.109914 10000.000000
4700 7.734966 10000.000000
4700 7.063233 10000.000000
4700 8.094346 10000.000000
4700 8.384244 100000.000000
4700 7.875597 100000.000000
4700 8.156848 100000.000000
4700 8.234933 100000.000000
4700 8.172491 100000.000000
4700 8.047526 100000.000000
4700 6.969161 100000.000000
4700 8.328787 100000.000000
4700 6.828654 100000.000000
4700 8.031843 100000.000000
4700 7.406883 1000000.000000
4700 6.781797 1000000.000000
4700 8.453808 1000000.000000
4700 8.516311 1000000.000000
4700 8.281923 1000000.000000
4700 7.984997 1000000.000000
4700 6.547344 1000000.000000
4700 8.438193 1000000.000000
4700 7.219297 1000000.000000
4700 8.480608 1000000.000000
4800 8.610027 1.000000
4800 8.578793 1.000000
4800 8.641321 1.000000
4800 8.578759 1.000000
4800 8.594462 1.000000
4800 8.656937 1.000000
4800 8.594448 1.000000
4800 8.625763 1.000000
4800 8.656927 1.000000
4800 8.610001 1.000000
4800 8.594507 10.000000
4800 8.594446 10.000000
4800 8.578761 10.000000
4800 8.610074 10.000000
4800 8.610084 10.000000
4800 8.610075 10.000000
4800 8.625725 10.000000
4800 8.594455 10.000000
4800 8.610087 10.000000
4800 8.578691 10.000000
4800 8.438197 100.000000
4800 8.594478 100.000000
4800 8.610147 100.000000
4800 8.422646 100.000000
4800 8.610007 100.000000
4800 8.431225 100.000000
4800 8.610029 100.000000
4800 8.594320 100.000000
4800 8.688138 100.000000
4800 8.578685 100.000000
4800 8.125645 1000.000000
4800 8.641240 1000.000000
4800 8.594320 1000.000000
4800 8.610073 1000.000000
4800 8.532017 1000.000000
4800 8.422578 1000.000000
4800 8.282011 1000.000000
4800 8.688220 1000.000000
4800 8.578748 1000.000000
4800 8.578836 1000.000000
4800 8.672596 10000.000000
4800 8.453801 10000.000000
4800 7.672460 10000.000000
4800 8.672561 10000.000000
4800 8.453773 10000.000000
4800 7.984976 10000.000000
4800 7.594367 10000.000000
4800 7.688097 10000.000000
4800 8.610142 10000.000000
4800 8.235030 10000.000000
4800 8.672564 100000.000000
4800 8.672533 100000.000000
4800 8.594373 100000.000000
4800 8.375679 100000.000000
4800 8.344354 100000.000000
4800 7.969332 100000.000000
4800 8.703833 100000.000000
4800 8.516273 100000.000000
4800 8.109974 100000.000000
4800 7.875619 100000.000000
4800 8.509648 1000000.000000
4800 8.907031 1000000.000000
4800 8.813142 1000000.000000
4800 8.625711 1000000.000000
4800 8.625626 1000000.000000
4800 8.641255 1000000.000000
4800 7.703844 1000000.000000
4800 8.797571 1000000.000000
4800 8.469463 1000000.000000
4800 7.217736 1000000.000000
4900 8.953826 1.000000
4900 8.969351 1.000000
4900 8.953763 1.000000
4900 8.938157 1.000000
4900 8.953775 1.000000
4900 8.969381 1.000000
4900 8.953839 1.000000
4900 9.125674 1.000000
4900 9.031898 1.000000
4900 8.953758 1.000000
4900 8.953834 10.000000
4900 9.000735 10.000000
4900 8.969386 10.000000
4900 8.941674 10.000000
4900 8.938074 10.000000
4900 8.938192 10.000000
4900 8.953812 10.000000
4900 8.953750 10.000000
4900 8.953782 10.000000
4900 9.016208 10.000000
4900 8.953828 100.000000
4900 8.786979 100.000000
4900 8.844392 100.000000
4900 8.938298 100.000000
4900 8.969439 100.000000
4900 8.938209 100.000000
4900 8.969457 100.000000
4900 8.938245 100.000000
4900 8.953814 100.000000
4900 8.953853 100.000000
4900 8.610076 1000.000000
4900 8.641253 1000.000000
4900 8.656812 1000.000000
4900 8.828766 1000.000000
4900 8.953705 1000.000000
4900 8.485002 1000.000000
4900 8.688135 1000.000000
4900 8.969353 1000.000000
4900 8.636230 1000.000000
4900 8.735007 1000.000000
4900 8.484876 10000.000000
4900 8.969411 10000.000000
4900 8.672568 10000.000000
4900 8.625689 10000.000000
4900 9.047586 10000.000000
4900 8.531805 10000.000000
4900 8.813139 10000.000000
4900 8.641336 10000.000000
4900 8.797601 10000.000000
4900 8.016253 10000.000000
4900 8.375623 100000.000000
4900 9.031913 100000.000000
4900 9.094392 100000.000000
4900 8.719426 100000.000000
4900 8.375618 100000.000000
4900 8.533920 100000.000000
4900 8.953769 100000.000000
4900 8.719391 100000.000000
4900 8.875776 100000.000000
4900 8.938137 100000.000000
4900 9.156896 1000000.000000
4900 9.172598 1000000.000000
4900 9.188171 1000000.000000
4900 8.172541 1000000.000000
4900 8.703848 1000000.000000
4900 9.016342 1000000.000000
4900 8.500634 1000000.000000
4900 8.688202 1000000.000000
4900 8.500625 1000000.000000
4900 9.188126 1000000.000000
5000 9.344449 1.000000
5000 9.313159 1.000000
5000 9.328872 1.000000
5000 9.391364 1.000000
5000 9.328840 1.000000
5000 9.313161 1.000000
5000 9.344409 1.000000
5000 9.344393 1.000000
5000 9.328854 1.000000
5000 9.328875 1.000000
5000 9.344633 10.000000
5000 9.422656 10.000000
5000 9.313156 10.000000
5000 9.328907 10.000000
5000 9.313226 10.000000
5000 9.360061 10.000000
5000 9.344470 10.000000
5000 9.313149 10.000000
5000 9.313252 10.000000
5000 9.375721 10.000000
5000 9.328763 100.000000
5000 9.328913 100.000000
5000 9.157032 100.000000
5000 9.328874 100.000000
5000 9.313161 100.000000
5000 9.156982 100.000000
5000 9.328916 100.000000
5000 9.375731 100.000000
5000 9.328867 100.000000
5000 9.313159 100.000000
5000 8.985013 1000.000000
5000 8.985012 1000.000000
5000 8.969396 1000.000000
5000 9.344490 1000.000000
5000 9.156904 1000.000000
5000 9.375719 1000.000000
5000 8.985092 1000.000000
5000 8.813123 1000.000000
5000 9.313173 1000.000000
5000 9.328820 1000.000000
5000 8.828773 10000.000000
5000 9.328803 10000.000000
5000 9.156971 10000.000000
5000 9.078818 10000.000000
5000 9.156950 10000.000000
5000 8.828747 10000.000000
5000 9.391340 10000.000000
5000 9.172604 10000.000000
5000 9.156943 10000.000000
5000 9.000706 10000.000000
5000 8.735104 100000.000000
5000 9.406956 100000.000000
5000 9.047532 100000.000000
5000 7.391206 100000.000000
5000 9.047545 100000.000000
5000 9.407028 100000.000000
5000 9.266260 100000.000000
5000 8.641331 100000.000000
5000 8.732857 100000.000000
5000 9.406976 100000.000000
5000 9.547615 1000000.000000
5000 9.375799 1000000.000000
5000 9.016431 1000000.000000
5000 9.360110 1000000.000000
5000 8.531817 1000000.000000
5000 9.438180 1000000.000000
5000 9.022889 1000000.000000
5000 8.860086 1000000.000000
5000 9.469538 1000000.000000
5000 9.532000 1000000.000000
5100 9.703950 1.000000
5100 9.688253 1.000000
5100 9.688175 1.000000
5100 9.750664 1.000000
5100 9.719584 1.000000
5100 9.688273 1.000000
5100 9.688238 1.000000
5100 9.688189 1.000000
5100 9.703895 1.000000
5100 9.719438 1.000000
5100 9.672606 10.000000
5100 9.766407 10.000000
5100 9.688285 10.000000
5100 9.703815 10.000000
5100 9.688201 10.000000
5100 9.703929 10.000000
5100 9.750755 10.000000
5100 9.703823 10.000000
5100 9.703818 10.000000
5100 9.712903 10.000000
5100 9.688207 100.000000
5100 9.766411 100.000000
5100 9.688254 100.000000
5100 9.703887 100.000000
5100 9.703889 100.000000
5100 9.688314 100.000000
5100 9.719429 100.000000
5100 9.719534 100.000000
5100 9.750780 100.000000
5100 9.750749 100.000000
5100 9.703847 1000.000000
5100 9.719420 1000.000000
5100 9.532001 1000.000000
5100 10.422661 1000.000000
5100 9.799121 1000.000000
5100 9.516381 1000.000000
5100 9.703815 1000.000000
5100 9.703682 1000.000000
5100 9.547582 1000.000000
5100 10.485149 1000.000000
5100 9.703801 10000.000000
5100 10.641419 10000.000000
5100 9.531918 10000.000000
5100 9.719428 10000.000000
5100 9.797564 10000.000000
5100 8.844398 10000.000000
5100 8.672514 10000.000000
5100 10.844629 10000.000000
5100 9.594502 10000.000000
5100 9.344422 10000.000000
5100 9.782035 100000.000000
5100 8.188183 100000.000000
5100 9.141285 100000.000000
5100 8.031849 100000.000000
5100 9.766300 100000.000000
5100 9.797619 100000.000000
5100 9.438235 100000.000000
5100 9.485081 100000.000000
5100 9.156973 100000.000000
5100 9.641348 100000.000000
5100 9.985125 1000000.000000
5100 8.500671 1000000.000000
5100 9.203841 1000000.000000
5100 9.563185 1000000.000000
5100 9.922583 1000000.000000
5100 10.047687 1000000.000000
5100 8.844433 1000000.000000
5100 9.922686 1000000.000000
5100 9.485098 1000000.000000
5100 9.391273 1000000.000000
5200 10.078809 1.000000
5200 10.063260 1.000000
5200 10.063252 1.000000
5200 10.291083 1.000000
5200 10.250765 1.000000
5200 10.063221 1.000000
5200 10.078865 1.000000
5200 10.078824 1.000000
5200 10.141398 1.000000
5200 10.063323 1.000000
5200 10.078840 10.000000
5200 10.063338 10.000000
5200 10.094459 10.000000
5200 10.063329 10.000000
5200 10.063285 10.000000
5200 10.047706 10.000000
5200 10.094686 10.000000
5200 10.078922 10.000000
5200 10.063350 10.000000
5200 10.047768 10.000000
5200 10.172647 100.000000
5200 9.875690 100.000000
5200 10.063258 100.000000
5200 9.875725 100.000000
5200 10.094457 100.000000
5200 10.119660 100.000000
5200 10.063250 100.000000
5200 10.063246 100.000000
5200 10.078876 100.000000
5200 10.063262 100.000000
5200 9.735125 1000.000000
5200 9.891388 1000.000000
5200 9.891388 1000.000000
5200 10.063264 1000.000000
5200 10.063268 1000.000000
5200 9.922640 1000.000000
5200 9.875825 1000.000000
5200 9.531916 1000.000000
5200 9.891366 1000.000000
5200 9.891401 1000.000000
5200 9.375670 10000.000000
5200 10.078821 10000.000000
5200 9.719516 10000.000000
5200 9.719550 10000.000000
5200 9.156985 10000.000000
5200 10.125653 10000.000000
5200 9.532101 10000.000000
5200 9.719680 10000.000000
5200 9.344462 10000.000000
5200 9.907065 10000.000000
5200 8.875711 100000.000000
5200 10.188305 100000.000000
5200 9.813247 100000.000000
5200 9.985218 100000.000000
5200 9.797643 100000.000000
5200 9.598000 100000.000000
5200 10.141385 100000.000000
5200 10.157076 100000.000000
5200 10.172636 100000.000000
5200 10.172715 100000.000000
5200 10.313207 1000000.000000
5200 10.297709 1000000.000000
5200 9.219536 1000000.000000
5200 9.938305 1000000.000000
5200 10.297687 1000000.000000
5200 10.391403 1000000.000000
5200 10.297598 1000000.000000
5200 10.328977 1000000.000000
5200 10.110207 1000000.000000
5200 9.547569 1000000.000000
5300 10.516472 1.000000
5300 10.438143 1.000000
5300 10.438433 1.000000
5300 10.438283 1.000000
5300 10.657059 1.000000
5300 10.516430 1.000000
5300 10.422643 1.000000
5300 10.500832 1.000000
5300 10.422597 1.000000
5300 10.422653 1.000000
5300 10.453919 10.000000
5300 10.453945 10.000000
5300 10.532104 10.000000
5300 10.454011 10.000000
5300 10.469564 10.000000
5300 10.438351 10.000000
5300 10.453915 10.000000
5300 10.453887 10.000000
5300 10.485105 10.000000
5300 10.516444 10.000000
5300 10.438340 100.000000
5300 10.453900 100.000000
5300 10.453908 100.000000
5300 10.438227 100.000000
5300 10.453838 100.000000
5300 10.438291 100.000000
5300 10.485194 100.000000
5300 10.438358 100.000000
5300 10.438227 100.000000
5300 10.438314 100.000000
5300 10.453857 1000.000000
5300 10.344564 1000.000000
5300 10.078912 1000.000000
5300 10.078947 1000.000000
5300 10.469539 1000.000000
5300 10.454259 1000.000000
5300 10.250793 1000.000000
5300 10.453968 1000.000000
5300 10.313281 1000.000000
5300 10.281911 1000.000000
5300 10.063253 10000.000000
5300 10.078839 10000.000000
5300 10.274931 10000.000000
5300 10.313271 10000.000000
5300 10.078934 10000.000000
5300 10.438273 10000.000000
5300 10.438405 10000.000000
5300 10.453890 10000.000000
5300 10.250760 10000.000000
5300 10.446863 10000.000000
5300 10.641459 100000.000000
5300 10.532053 100000.000000
5300 9.250743 100000.000000
5300 9.969541 100000.000000
5300 9.797656 100000.000000
5300 10.407107 100000.000000
5300 10.547661 100000.000000
5300 10.547646 100000.000000
5300 9.391328 100000.000000
5300 10.344510 100000.000000
5300 8.860110 1000000.000000
5300 9.375724 1000000.000000
5300 9.344478 1000000.000000
5300 10.313362 1000000.000000
5300 9.155832 1000000.000000
5300 10.735221 1000000.000000
5300 9.156960 1000000.000000
5300 10.719629 1000000.000000
5300 10.704003 1000000.000000
5300 10.703933 1000000.000000
5400 10.907014 1.000000
5400 10.831902 1.000000
5400 10.891493 1.000000
5400 10.829017 1.000000
5400 10.844574 1.000000
5400 10.860199 1.000000
5400 10.844602 1.000000
5400 10.860326 1.000000
5400 10.819274 1.000000
5400 10.907169 1.000000
5400 12.094673 10.000000
5400 10.907034 10.000000
5400 12.094681 10.000000
5400 10.844551 10.000000
5400 10.844619 10.000000
5400 12.094597 10.000000
5400 10.860262 10.000000
5400 12.078992 10.000000
5400 10.828919 10.000000
5400 10.828926 10.000000
5400 12.141559 100.000000
5400 10.840584 100.000000
5400 12.157180 100.000000
5400 10.828989 100.000000
5400 10.860214 100.000000
5400 12.079197 100.000000
5400 10.860185 100.000000
5400 12.126035 100.000000
5400 10.641549 100.000000
5400 10.829134 100.000000
5400 12.094860 1000.000000
5400 10.344535 1000.000000
5400 12.094717 1000.000000
5400 10.703919 1000.000000
5400 10.652550 1000.000000
5400 11.891623 1000.000000
5400 10.469543 1000.000000
5400 11.875864 1000.000000
5400 10.641413 1000.000000
5400 10.829032 1000.000000
5400 11.735277 10000.000000
5400 10.860228 10000.000000
5400 11.938491 10000.000000
5400 10.844598 10000.000000
5400 10.641510 10000.000000
5400 11.250883 10000.000000
5400 10.844633 10000.000000
5400 11.453988 10000.000000
5400 10.250714 10000.000000
5400 10.531982 10000.000000
5400 12.188405 100000.000000
5400 8.422508 100000.000000
5400 11.969556 100000.000000
5400 10.328792 100000.000000
5400 9.750692 100000.000000
5400 11.750776 100000.000000
5400 10.016436 100000.000000
5400 11.313310 100000.000000
5400 10.985137 100000.000000
5400 10.938297 100000.000000
5400 11.672810 1000000.000000
5400 11.134296 1000000.000000
5400 11.219559 1000000.000000
5400 10.313325 1000000.000000
5400 10.094516 1000000.000000
5400 12.407147 1000000.000000
5400 10.328908 1000000.000000
5400 12.203991 1000000.000000
5400 11.625764 1000000.000000
5400 10.500850 1000000.000000
5500 11.219558 1.000000
5500 11.235269 1.000000
5500 11.250832 1.000000
5500 11.235127 1.000000
5500 11.235180 1.000000
5500 11.219654 1.000000
5500 11.297798 1.000000
5500 11.219500 1.000000
5500 11.328955 1.000000
5500 11.235206 1.000000
5500 11.219565 10.000000
5500 11.237316 10.000000
5500 11.219621 10.000000
5500 11.235181 10.000000
5500 11.250836 10.000000
5500 11.235203 10.000000
5500 11.219630 10.000000
5500 11.282058 10.000000
5500 11.235324 10.000000
5500 11.297697 10.000000
5500 11.235260 100.000000
5500 11.235289 100.000000
5500 11.000863 100.000000
5500 11.250902 100.000000
5500 11.237320 100.000000
5500 11.250889 100.000000
5500 11.219495 100.000000
5500 11.235204 100.000000
5500 11.282050 100.000000
5500 11.203990 100.000000
5500 11.328974 1000.000000
5500 11.047741 1000.000000
5500 11.250784 1000.000000
5500 11.032076 1000.000000
5500 11.032083 1000.000000
5500 11.032058 1000.000000
5500 11.032135 1000.000000
5500 11.048210 1000.000000
5500 11.250901 1000.000000
5500 10.875796 1000.000000
5500 11.047685 10000.000000
5500 11.250753 10000.000000
5500 10.657054 10000.000000
5500 11.063396 10000.000000
5500 11.047678 10000.000000
5500 10.235222 10000.000000
5500 11.219568 10000.000000
5500 10.813300 10000.000000
5500 10.907089 10000.000000
5500 10.829004 10000.000000
5500 10.922704 100000.000000
5500 10.328833 100000.000000
5500 10.907041 100000.000000
5500 11.344680 100000.000000
5500 10.125841 100000.000000
5500 11.375928 100000.000000
5500 10.922767 100000.000000
5500 11.000886 100000.000000
5500 11.344522 100000.000000
5500 10.532125 100000.000000
5500 10.875821 1000000.000000
5500 11.079003 1000000.000000
5500 11.485203 1000000.000000
5500 11.099551 1000000.000000
