3100 0.187510 1.000000
3100 0.187510 1.000000
3100 0.187578 1.000000
3100 0.187509 1.000000
3100 0.171938 1.000000
3100 0.187510 1.000000
3100 0.187509 1.000000
3100 0.187517 1.000000
3100 0.187510 1.000000
3100 0.171940 1.000000
3100 0.187512 10.000000
3100 0.187510 10.000000
3100 0.187510 10.000000
3100 0.187509 10.000000
3100 0.187509 10.000000
3100 0.187571 10.000000
3100 0.187510 10.000000
3100 0.187510 10.000000
3100 0.187510 10.000000
3100 0.187509 10.000000
3100 0.187510 100.000000
3100 0.187511 100.000000
3100 0.187580 100.000000
3100 0.187509 100.000000
3100 0.171884 100.000000
3100 0.187506 100.000000
3100 0.187510 100.000000
3100 0.187513 100.000000
3100 0.171883 100.000000
3100 0.187510 100.000000
3100 0.187509 1000.000000
3100 0.187511 1000.000000
3100 0.187509 1000.000000
3100 0.187510 1000.000000
3100 0.187510 1000.000000
3100 0.187510 1000.000000
3100 0.187510 1000.000000
3100 0.187509 1000.000000
3100 0.187512 1000.000000
3100 0.187510 1000.000000
3100 0.187512 10000.000000
3100 0.187513 10000.000000
3100 0.187510 10000.000000
3100 0.187509 10000.000000
3100 0.187509 10000.000000
3100 0.187510 10000.000000
3100 0.187509 10000.000000
3100 0.187510 10000.000000
3100 0.171886 10000.000000
3100 0.187579 10000.000000
3100 0.187511 100000.000000
3100 0.187588 100000.000000
3100 0.187512 100000.000000
3100 0.187509 100000.000000
3100 0.187509 100000.000000
3100 0.171887 100000.000000
3100 0.187509 100000.000000
3100 0.187509 100000.000000
3100 0.187509 100000.000000
3100 0.187509 100000.000000
3100 0.187508 1000000.000000
3100 0.187509 1000000.000000
3100 0.187509 1000000.000000
3100 0.187511 1000000.000000
3100 0.187509 1000000.000000
3100 0.187572 1000000.000000
3100 0.187513 1000000.000000
3100 0.187510 1000000.000000
3100 0.187508 1000000.000000
3100 0.187509 1000000.000000
3200 0.211651 1.000000
3200 0.203139 1.000000
3200 0.203135 1.000000
3200 0.203135 1.000000
3200 0.203136 1.000000
3200 0.187510 1.000000
3200 0.203135 1.000000
3200 0.203136 1.000000
3200 0.187509 1.000000
3200 0.203136 1.000000
3200 0.187510 10.000000
3200 0.187510 10.000000
3200 0.187510 10.000000
3200 0.187510 10.000000
3200 0.187510 10.000000
3200 0.203142 10.000000
3200 0.203135 10.000000
3200 0.187510 10.000000
3200 0.203135 10.000000
3200 0.203136 10.000000
3200 0.187512 100.000000
3200 0.203133 100.000000
3200 0.203133 100.000000
3200 0.203135 100.000000
3200 0.203134 100.000000
3200 0.203188 100.000000
3200 0.203136 100.000000
3200 0.203136 100.000000
3200 0.203136 100.000000
3200 0.203136 100.000000
3200 0.203135 1000.000000
3200 0.203136 1000.000000
3200 0.203136 1000.000000
3200 0.203138 1000.000000
3200 0.203135 1000.000000
3200 0.187509 1000.000000
3200 0.203136 1000.000000
3200 0.187509 1000.000000
3200 0.187510 1000.000000
3200 0.187509 1000.000000
3200 0.203135 10000.000000
3200 0.218762 10000.000000
3200 0.203135 10000.000000
3200 0.187509 10000.000000
3200 0.203189 10000.000000
3200 0.203136 10000.000000
3200 0.203136 10000.000000
3200 0.203135 10000.000000
3200 0.203206 10000.000000
3200 0.187509 10000.000000
3200 0.203136 100000.000000
3200 0.203135 100000.000000
3200 0.203134 100000.000000
3200 0.187510 100000.000000
3200 0.203135 100000.000000
3200 0.203136 100000.000000
3200 0.203135 100000.000000
3200 0.203136 100000.000000
3200 0.203141 100000.000000
3200 0.187511 100000.000000
3200 0.187509 1000000.000000
3200 0.203136 1000000.000000
3200 0.203135 1000000.000000
3200 0.203135 1000000.000000
3200 0.203135 1000000.000000
3200 0.203136 1000000.000000
3200 0.203136 1000000.000000
3200 0.203136 1000000.000000
3200 0.203134 1000000.000000
3200 0.203135 1000000.000000
3300 0.203136 1.000000
3300 0.218761 1.000000
3300 0.203135 1.000000
3300 0.218760 1.000000
3300 0.234436 1.000000
3300 0.203135 1.000000
3300 0.218762 1.000000
3300 0.218767 1.000000
3300 0.218757 1.000000
3300 0.203199 1.000000
3300 0.203136 10.000000
3300 0.218764 10.000000
3300 0.203135 10.000000
3300 0.218762 10.000000
3300 0.218761 10.000000
3300 0.218761 10.000000
3300 0.203136 10.000000
3300 0.203135 10.000000
3300 0.218762 10.000000
3300 0.218760 10.000000
3300 0.203132 100.000000
3300 0.203135 100.000000
3300 0.203135 100.000000
3300 0.234387 100.000000
3300 0.218764 100.000000
3300 0.218761 100.000000
3300 0.218762 100.000000
3300 0.218762 100.000000
3300 0.203135 100.000000
3300 0.203136 100.000000
3300 0.218761 1000.000000
3300 0.218761 1000.000000
3300 0.218761 1000.000000
3300 0.218761 1000.000000
3300 0.203136 1000.000000
3300 0.218761 1000.000000
3300 0.218761 1000.000000
3300 0.218762 1000.000000
3300 0.218762 1000.000000
3300 0.218764 1000.000000
3300 0.218759 10000.000000
3300 0.203134 10000.000000
3300 0.218762 10000.000000
3300 0.218761 10000.000000
3300 0.218760 10000.000000
3300 0.203135 10000.000000
3300 0.218761 10000.000000
3300 0.203135 10000.000000
3300 0.218761 10000.000000
3300 0.218761 10000.000000
3300 0.218761 100000.000000
3300 0.218761 100000.000000
3300 0.218761 100000.000000
3300 0.218759 100000.000000
3300 0.203135 100000.000000
3300 0.203135 100000.000000
3300 0.218761 100000.000000
3300 0.218758 100000.000000
3300 0.218826 100000.000000
3300 0.218761 100000.000000
3300 0.218765 1000000.000000
3300 0.218761 1000000.000000
3300 0.218760 1000000.000000
3300 0.218759 1000000.000000
3300 0.218817 1000000.000000
3300 0.218762 1000000.000000
3300 0.203136 1000000.000000
3300 0.218846 1000000.000000
3300 0.218758 1000000.000000
3300 0.203204 1000000.000000
3400 0.218761 1.000000
3400 0.218759 1.000000
3400 0.218761 1.000000
3400 0.234386 1.000000
3400 0.234388 1.000000
3400 0.234387 1.000000
3400 0.234386 1.000000
3400 0.218761 1.000000
3400 0.234387 1.000000
3400 0.218755 1.000000
3400 0.234386 10.000000
3400 0.218761 10.000000
3400 0.234459 10.000000
3400 0.234387 10.000000
3400 0.234387 10.000000
3400 0.234388 10.000000
3400 0.234386 10.000000
3400 0.218761 10.000000
3400 0.234387 10.000000
3400 0.218762 10.000000
3400 0.234385 100.000000
3400 0.218761 100.000000
3400 0.218761 100.000000
3400 0.234385 100.000000
3400 0.218762 100.000000
3400 0.218760 100.000000
3400 0.234387 100.000000
3400 0.234387 100.000000
3400 0.218761 100.000000
3400 0.234385 100.000000
3400 0.234387 1000.000000
3400 0.234387 1000.000000
3400 0.218761 1000.000000
3400 0.234384 1000.000000
3400 0.234386 1000.000000
3400 0.234385 1000.000000
3400 0.234387 1000.000000
3400 0.218761 1000.000000
3400 0.234387 1000.000000
3400 0.234387 1000.000000
3400 0.234388 10000.000000
3400 0.250018 10000.000000
3400 0.234386 10000.000000
3400 0.234388 10000.000000
3400 0.218818 10000.000000
3400 0.234387 10000.000000
3400 0.234387 10000.000000
3400 0.234387 10000.000000
3400 0.218762 10000.000000
3400 0.234387 10000.000000
3400 0.218762 100000.000000
3400 0.218761 100000.000000
3400 0.218761 100000.000000
3400 0.234387 100000.000000
3400 0.218815 100000.000000
3400 0.234386 100000.000000
3400 0.234387 100000.000000
3400 0.234387 100000.000000
3400 0.218758 100000.000000
3400 0.234452 100000.000000
3400 0.234387 1000000.000000
3400 0.218761 1000000.000000
3400 0.234387 1000000.000000
3400 0.218761 1000000.000000
3400 0.234450 1000000.000000
3400 0.234387 1000000.000000
3400 0.234390 1000000.000000
3400 0.218760 1000000.000000
3400 0.234387 1000000.000000
3400 0.234387 1000000.000000
3500 0.234388 1.000000
3500 0.250013 1.000000
3500 0.250013 1.000000
3500 0.250077 1.000000
3500 0.250013 1.000000
3500 0.234391 1.000000
3500 0.234387 1.000000
3500 0.250013 1.000000
3500 0.250013 1.000000
3500 0.234387 1.000000
3500 0.234388 10.000000
3500 0.234387 10.000000
3500 0.234387 10.000000
3500 0.234451 10.000000
3500 0.250013 10.000000
3500 0.234387 10.000000
3500 0.234387 10.000000
3500 0.250018 10.000000
3500 0.234388 10.000000
3500 0.250013 10.000000
3500 0.234457 100.000000
3500 0.234456 100.000000
3500 0.250013 100.000000
3500 0.234387 100.000000
3500 0.250013 100.000000
3500 0.250012 100.000000
3500 0.250065 100.000000
3500 0.250079 100.000000
3500 0.250011 100.000000
3500 0.250012 100.000000
3500 0.234387 1000.000000
3500 0.234387 1000.000000
3500 0.234387 1000.000000
3500 0.250019 1000.000000
3500 0.234387 1000.000000
3500 0.234387 1000.000000
3500 0.250012 1000.000000
3500 0.234386 1000.000000
3500 0.250086 1000.000000
3500 0.250012 1000.000000
3500 0.250013 10000.000000
3500 0.250013 10000.000000
3500 0.250010 10000.000000
3500 0.250013 10000.000000
3500 0.234387 10000.000000
3500 0.234395 10000.000000
3500 0.234454 10000.000000
3500 0.250010 10000.000000
3500 0.250012 10000.000000
3500 0.234389 10000.000000
3500 0.250011 100000.000000
3500 0.250016 100000.000000
3500 0.234387 100000.000000
3500 0.250067 100000.000000
3500 0.250013 100000.000000
3500 0.250012 100000.000000
3500 0.234387 100000.000000
3500 0.234386 100000.000000
3500 0.234388 100000.000000
3500 0.250013 100000.000000
3500 0.234387 1000000.000000
3500 0.234389 1000000.000000
3500 0.234387 1000000.000000
3500 0.250014 1000000.000000
3500 0.234384 1000000.000000
3500 0.234387 1000000.000000
3500 0.250014 1000000.000000
3500 0.250009 1000000.000000
3500 0.250014 1000000.000000
3500 0.250091 1000000.000000
3600 0.265638 1.000000
3600 0.250013 1.000000
3600 0.250013 1.000000
3600 0.250013 1.000000
3600 0.250013 1.000000
3600 0.265638 1.000000
3600 0.265639 1.000000
3600 0.250069 1.000000
3600 0.250012 1.000000
3600 0.250013 1.000000
3600 0.296890 10.000000
3600 0.250015 10.000000
3600 0.250013 10.000000
3600 0.265637 10.000000
3600 0.265687 10.000000
3600 0.265639 10.000000
3600 0.265640 10.000000
3600 0.250013 10.000000
3600 0.250013 10.000000
3600 0.250012 10.000000
3600 0.265639 100.000000
3600 0.250013 100.000000
3600 0.250013 100.000000
3600 0.250013 100.000000
3600 0.265699 100.000000
3600 0.265639 100.000000
3600 0.250013 100.000000
3600 0.250012 100.000000
3600 0.250012 100.000000
3600 0.250013 100.000000
3600 0.250012 1000.000000
3600 0.250009 1000.000000
3600 0.265639 1000.000000
3600 0.265639 1000.000000
3600 0.265639 1000.000000
3600 0.250013 1000.000000
3600 0.250013 1000.000000
3600 0.250013 1000.000000
3600 0.265638 1000.000000
3600 0.265639 1000.000000
3600 0.250012 10000.000000
3600 0.250012 10000.000000
3600 0.265638 10000.000000
3600 0.250013 10000.000000
3600 0.250013 10000.000000
3600 0.250013 10000.000000
3600 0.250013 10000.000000
3600 0.265639 10000.000000
3600 0.265639 10000.000000
3600 0.265638 10000.000000
3600 0.265639 100000.000000
3600 0.265638 100000.000000
3600 0.250013 100000.000000
3600 0.250013 100000.000000
3600 0.250013 100000.000000
3600 0.265639 100000.000000
3600 0.250012 100000.000000
3600 0.265639 100000.000000
3600 0.250011 100000.000000
3600 0.250008 100000.000000
3600 0.265708 1000000.000000
3600 0.250013 1000000.000000
3600 0.265711 1000000.000000
3600 0.265638 1000000.000000
3600 0.265640 1000000.000000
3600 0.250013 1000000.000000
3600 0.265706 1000000.000000
3600 0.265638 1000000.000000
3600 0.250013 1000000.000000
3600 0.265638 1000000.000000
3700 0.281264 1.000000
3700 0.265638 1.000000
3700 0.281265 1.000000
3700 0.265639 1.000000
3700 0.265638 1.000000
3700 0.171884 1.000000
3700 0.265639 1.000000
3700 0.265639 1.000000
3700 0.281318 1.000000
3700 0.171884 1.000000
3700 0.265639 10.000000
3700 0.265639 10.000000
3700 0.281326 10.000000
3700 0.265639 10.000000
3700 0.265639 10.000000
3700 0.281265 10.000000
3700 0.265638 10.000000
3700 0.265639 10.000000
3700 0.281264 10.000000
3700 0.281264 10.000000
3700 0.265639 100.000000
3700 0.265638 100.000000
3700 0.281264 100.000000
3700 0.281265 100.000000
3700 0.265692 100.000000
3700 0.281265 100.000000
3700 0.265639 100.000000
3700 0.265638 100.000000
3700 0.281264 100.000000
3700 0.265700 100.000000
3700 0.265639 1000.000000
3700 0.281265 1000.000000
3700 0.281264 1000.000000
3700 0.281264 1000.000000
3700 0.265638 1000.000000
3700 0.265639 1000.000000
3700 0.265639 1000.000000
3700 0.265637 1000.000000
3700 0.265638 1000.000000
3700 0.281265 1000.000000
3700 0.265639 10000.000000
3700 0.265639 10000.000000
3700 0.265639 10000.000000
3700 0.281265 10000.000000
3700 0.265639 10000.000000
3700 0.281264 10000.000000
3700 0.265639 10000.000000
3700 0.265638 10000.000000
3700 0.265638 10000.000000
3700 0.265642 10000.000000
3700 0.281267 100000.000000
3700 0.265639 100000.000000
3700 0.265638 100000.000000
3700 0.265638 100000.000000
3700 0.265704 100000.000000
3700 0.281264 100000.000000
3700 0.265639 100000.000000
3700 0.265639 100000.000000
3700 0.265638 100000.000000
3700 0.281270 100000.000000
3700 0.265710 1000000.000000
3700 0.281330 1000000.000000
3700 0.265640 1000000.000000
3700 0.281264 1000000.000000
3700 0.281265 1000000.000000
3700 0.281264 1000000.000000
3700 0.281264 1000000.000000
3700 0.281267 1000000.000000
3700 0.281261 1000000.000000
3700 0.281330 1000000.000000
3800 0.187510 1.000000
3800 0.187510 1.000000
3800 0.296891 1.000000
3800 0.187510 1.000000
3800 0.296890 1.000000
3800 0.187510 1.000000
3800 0.187504 1.000000
3800 0.187510 1.000000
3800 0.281266 1.000000
3800 0.187509 1.000000
3800 0.281265 10.000000
3800 0.281336 10.000000
3800 0.281264 10.000000
3800 0.281326 10.000000
3800 0.296944 10.000000
3800 0.281264 10.000000
3800 0.296891 10.000000
3800 0.281265 10.000000
3800 0.296890 10.000000
3800 0.281270 10.000000
3800 0.281264 100.000000
3800 0.281265 100.000000
3800 0.281264 100.000000
3800 0.296963 100.000000
3800 0.281265 100.000000
3800 0.281264 100.000000
3800 0.296890 100.000000
3800 0.296890 100.000000
3800 0.296890 100.000000
3800 0.296890 100.000000
3800 0.296891 1000.000000
3800 0.281265 1000.000000
3800 0.328141 1000.000000
3800 0.281264 1000.000000
3800 0.281265 1000.000000
3800 0.296887 1000.000000
3800 0.296890 1000.000000
3800 0.281264 1000.000000
3800 0.281265 1000.000000
3800 0.281264 1000.000000
3800 0.281272 10000.000000
3800 0.281264 10000.000000
3800 0.281264 10000.000000
3800 0.281264 10000.000000
3800 0.281264 10000.000000
3800 0.281270 10000.000000
3800 0.281264 10000.000000
3800 0.296963 10000.000000
3800 0.281264 10000.000000
3800 0.296890 10000.000000
3800 0.296890 100000.000000
3800 0.296890 100000.000000
3800 0.296891 100000.000000
3800 0.296890 100000.000000
3800 0.281265 100000.000000
3800 0.281265 100000.000000
3800 0.281264 100000.000000
3800 0.296893 100000.000000
3800 0.281264 100000.000000
3800 0.296890 100000.000000
3800 0.281265 1000000.000000
3800 0.296885 1000000.000000
3800 0.296890 1000000.000000
3800 0.296891 1000000.000000
3800 0.296891 1000000.000000
3800 0.281339 1000000.000000
3800 0.296891 1000000.000000
3800 0.296891 1000000.000000
3800 0.296890 1000000.000000
3800 0.296890 1000000.000000
3900 0.203136 1.000000
3900 0.203135 1.000000
3900 0.203136 1.000000
3900 0.203135 1.000000
3900 0.203135 1.000000
3900 0.203135 1.000000
3900 0.203136 1.000000
3900 0.187509 1.000000
3900 0.203136 1.000000
3900 0.203136 1.000000
3900 0.312575 10.000000
3900 0.312518 10.000000
3900 0.312517 10.000000
3900 0.312514 10.000000
3900 0.296890 10.000000
3900 0.312516 10.000000
3900 0.312516 10.000000
3900 0.296890 10.000000
3900 0.312516 10.000000
3900 0.312516 10.000000
3900 0.296891 100.000000
3900 0.312516 100.000000
3900 0.296890 100.000000
3900 0.312516 100.000000
3900 0.296891 100.000000
3900 0.296889 100.000000
3900 0.296890 100.000000
3900 0.296950 100.000000
3900 0.296890 100.000000
3900 0.312516 100.000000
3900 0.296891 1000.000000
3900 0.296888 1000.000000
3900 0.296887 1000.000000
3900 0.296892 1000.000000
3900 0.296890 1000.000000
3900 0.312516 1000.000000
3900 0.312575 1000.000000
3900 0.312516 1000.000000
3900 0.296890 1000.000000
3900 0.296953 1000.000000
3900 0.296891 10000.000000
3900 0.296891 10000.000000
3900 0.312593 10000.000000
3900 0.296891 10000.000000
3900 0.312518 10000.000000
3900 0.312517 10000.000000
3900 0.312516 10000.000000
3900 0.312514 10000.000000
3900 0.296890 10000.000000
3900 0.296890 10000.000000
3900 0.328142 100000.000000
3900 0.296890 100000.000000
3900 0.296891 100000.000000
3900 0.312516 100000.000000
3900 0.296967 100000.000000
3900 0.296890 100000.000000
3900 0.312516 100000.000000
3900 0.296890 100000.000000
3900 0.312569 100000.000000
3900 0.312517 100000.000000
3900 0.312516 1000000.000000
3900 0.312516 1000000.000000
3900 0.296894 1000000.000000
3900 0.296891 1000000.000000
3900 0.296892 1000000.000000
3900 0.312514 1000000.000000
3900 0.312515 1000000.000000
3900 0.296890 1000000.000000
3900 0.296890 1000000.000000
3900 0.296890 1000000.000000
4000 0.203136 1.000000
4000 0.218761 1.000000
4000 0.218761 1.000000
4000 0.203199 1.000000
4000 0.218761 1.000000
4000 0.203136 1.000000
4000 0.218817 1.000000
4000 0.203138 1.000000
4000 0.218761 1.000000
4000 0.203136 1.000000
4000 0.328144 10.000000
4000 0.312583 10.000000
4000 0.328142 10.000000
4000 0.328142 10.000000
4000 0.328142 10.000000
4000 0.328142 10.000000
4000 0.312516 10.000000
4000 0.328203 10.000000
4000 0.328142 10.000000
4000 0.312516 10.000000
4000 0.328142 100.000000
4000 0.328141 100.000000
4000 0.312516 100.000000
4000 0.343766 100.000000
4000 0.328142 100.000000
4000 0.312515 100.000000
4000 0.312515 100.000000
4000 0.312572 100.000000
4000 0.312516 100.000000
4000 0.328140 100.000000
4000 0.312516 1000.000000
4000 0.312580 1000.000000
4000 0.328142 1000.000000
4000 0.328148 1000.000000
4000 0.328142 1000.000000
4000 0.312517 1000.000000
4000 0.328143 1000.000000
4000 0.328142 1000.000000
4000 0.312517 1000.000000
4000 0.328141 1000.000000
4000 0.328204 10000.000000
4000 0.328142 10000.000000
4000 0.328139 10000.000000
4000 0.328142 10000.000000
4000 0.312510 10000.000000
4000 0.312516 10000.000000
4000 0.328142 10000.000000
4000 0.312519 10000.000000
4000 0.328142 10000.000000
4000 0.328142 10000.000000
4000 0.312516 100000.000000
4000 0.328141 100000.000000
4000 0.312517 100000.000000
4000 0.328141 100000.000000
4000 0.312517 100000.000000
4000 0.312516 100000.000000
4000 0.312518 100000.000000
4000 0.312516 100000.000000
4000 0.359394 100000.000000
4000 0.312516 100000.000000
4000 0.328138 1000000.000000
4000 0.328142 1000000.000000
4000 0.312516 1000000.000000
4000 0.328216 1000000.000000
4000 0.328144 1000000.000000
4000 0.328140 1000000.000000
4000 0.328141 1000000.000000
4000 0.328142 1000000.000000
4000 0.328196 1000000.000000
4000 0.328142 1000000.000000
4100 0.234383 1.000000
4100 0.250012 1.000000
4100 0.218761 1.000000
4100 0.218761 1.000000
4100 0.218762 1.000000
4100 0.250013 1.000000
4100 0.218761 1.000000
4100 0.218761 1.000000
4100 0.218758 1.000000
4100 0.250007 1.000000
4100 0.343841 10.000000
4100 0.328144 10.000000
4100 0.328141 10.000000
4100 0.359393 10.000000
4100 0.343767 10.000000
4100 0.343768 10.000000
4100 0.343767 10.000000
4100 0.375023 10.000000
4100 0.328139 10.000000
4100 0.343767 10.000000
4100 0.328142 100.000000
4100 0.359400 100.000000
4100 0.343765 100.000000
4100 0.343768 100.000000
4100 0.328142 100.000000
4100 0.343821 100.000000
4100 0.328136 100.000000
4100 0.343767 100.000000
4100 0.343767 100.000000
4100 0.343769 100.000000
4100 0.328141 1000.000000
4100 0.343769 1000.000000
4100 0.343761 1000.000000
4100 0.359392 1000.000000
4100 0.343768 1000.000000
4100 0.328142 1000.000000
4100 0.343773 1000.000000
4100 0.343767 1000.000000
4100 0.328206 1000.000000
4100 0.328141 1000.000000
4100 0.328141 10000.000000
4100 0.343768 10000.000000
4100 0.343845 10000.000000
4100 0.343768 10000.000000
4100 0.343767 10000.000000
4100 0.328142 10000.000000
4100 0.328141 10000.000000
4100 0.328195 10000.000000
4100 0.328141 10000.000000
4100 0.328142 10000.000000
4100 0.328214 100000.000000
4100 0.328141 100000.000000
4100 0.328141 100000.000000
4100 0.328142 100000.000000
4100 0.343767 100000.000000
4100 0.343768 100000.000000
4100 0.343768 100000.000000
4100 0.343768 100000.000000
4100 0.343833 100000.000000
4100 0.343768 100000.000000
4100 0.343767 1000000.000000
4100 0.343768 1000000.000000
4100 0.343767 1000000.000000
4100 0.343768 1000000.000000
4100 0.343769 1000000.000000
4100 0.343767 1000000.000000
4100 0.343767 1000000.000000
4100 0.328148 1000000.000000
4100 0.343768 1000000.000000
4100 0.343770 1000000.000000
4200 0.234393 1.000000
4200 0.234387 1.000000
4200 0.250010 1.000000
4200 0.234387 1.000000
4200 0.234387 1.000000
4200 0.234387 1.000000
4200 0.234387 1.000000
4200 0.234388 1.000000
4200 0.234386 1.000000
4200 0.234387 1.000000
4200 0.359394 10.000000
4200 0.343770 10.000000
4200 0.343766 10.000000
4200 0.359393 10.000000
4200 0.343768 10.000000
4200 0.359395 10.000000
4200 0.343768 10.000000
4200 0.359393 10.000000
4200 0.343768 10.000000
4200 0.359394 10.000000
4200 0.359394 100.000000
4200 0.343768 100.000000
4200 0.343768 100.000000
4200 0.359394 100.000000
4200 0.359393 100.000000
4200 0.359394 100.000000
4200 0.343768 100.000000
4200 0.343768 100.000000
4200 0.359394 100.000000
4200 0.343768 100.000000
4200 0.359395 1000.000000
4200 0.359394 1000.000000
4200 0.343767 1000.000000
4200 0.343768 1000.000000
4200 0.359394 1000.000000
4200 0.343773 1000.000000
4200 0.359393 1000.000000
4200 0.343767 1000.000000
4200 0.359393 1000.000000
4200 0.343768 1000.000000
4200 0.359393 10000.000000
4200 0.359394 10000.000000
4200 0.359393 10000.000000
4200 0.343768 10000.000000
4200 0.343767 10000.000000
4200 0.359393 10000.000000
4200 0.343767 10000.000000
4200 0.359393 10000.000000
4200 0.359394 10000.000000
4200 0.343767 10000.000000
4200 0.359393 100000.000000
4200 0.343765 100000.000000
4200 0.359394 100000.000000
4200 0.343832 100000.000000
4200 0.359393 100000.000000
4200 0.359393 100000.000000
4200 0.359393 100000.000000
4200 0.343768 100000.000000
4200 0.390643 100000.000000
4200 0.359393 100000.000000
4200 0.359394 1000000.000000
4200 0.359393 1000000.000000
4200 0.359393 1000000.000000
4200 0.373248 1000000.000000
4200 0.359394 1000000.000000
4200 0.359394 1000000.000000
4200 0.375019 1000000.000000
4200 0.359393 1000000.000000
4200 0.359393 1000000.000000
4200 0.359393 1000000.000000
4300 0.250013 1.000000
4300 0.250014 1.000000
4300 0.234387 1.000000
4300 0.250068 1.000000
4300 0.250013 1.000000
4300 0.250013 1.000000
4300 0.234443 1.000000
4300 0.234387 1.000000
4300 0.250010 1.000000
4300 0.250013 1.000000
4300 0.375019 10.000000
4300 0.359394 10.000000
4300 0.375020 10.000000
4300 0.375019 10.000000
4300 0.375022 10.000000
4300 0.375017 10.000000
4300 0.375088 10.000000
4300 0.359393 10.000000
4300 0.359394 10.000000
4300 0.375106 10.000000
4300 0.375019 100.000000
4300 0.359397 100.000000
4300 0.390645 100.000000
4300 0.375014 100.000000
4300 0.375014 100.000000
4300 0.359393 100.000000
4300 0.359393 100.000000
4300 0.359394 100.000000
4300 0.375019 100.000000
4300 0.375018 100.000000
4300 0.375019 1000.000000
4300 0.375017 1000.000000
4300 0.375020 1000.000000
4300 0.375020 1000.000000
4300 0.359394 1000.000000
4300 0.359398 1000.000000
4300 0.359393 1000.000000
4300 0.375020 1000.000000
4300 0.375020 1000.000000
4300 0.375017 1000.000000
4300 0.359394 10000.000000
4300 0.375019 10000.000000
4300 0.375019 10000.000000
4300 0.375019 10000.000000
4300 0.359394 10000.000000
4300 0.375019 10000.000000
4300 0.375022 10000.000000
4300 0.375020 10000.000000
4300 0.375020 10000.000000
4300 0.375024 10000.000000
4300 0.375020 100000.000000
4300 0.375020 100000.000000
4300 0.375019 100000.000000
4300 0.375019 100000.000000
4300 0.359394 100000.000000
4300 0.375069 100000.000000
4300 0.375025 100000.000000
4300 0.375020 100000.000000
4300 0.375019 100000.000000
4300 0.375019 100000.000000
4300 0.375020 1000000.000000
4300 0.375074 1000000.000000
4300 0.375091 1000000.000000
4300 0.375019 1000000.000000
4300 0.375019 1000000.000000
4300 0.375015 1000000.000000
4300 0.375020 1000000.000000
4300 0.375020 1000000.000000
4300 0.375019 1000000.000000
4300 0.375020 1000000.000000
4400 0.250079 1.000000
4400 0.250013 1.000000
4400 0.265641 1.000000
4400 0.265638 1.000000
4400 0.250013 1.000000
4400 0.265638 1.000000
4400 0.250013 1.000000
4400 0.265704 1.000000
4400 0.265638 1.000000
4400 0.265700 1.000000
4400 0.375019 10.000000
4400 0.390645 10.000000
4400 0.390645 10.000000
4400 0.390712 10.000000
4400 0.390644 10.000000
4400 0.390645 10.000000
4400 0.390647 10.000000
4400 0.390652 10.000000
4400 0.390718 10.000000
4400 0.390645 10.000000
4400 0.390711 100.000000
4400 0.390645 100.000000
4400 0.390642 100.000000
4400 0.390645 100.000000
4400 0.390648 100.000000
4400 0.390645 100.000000
4400 0.390643 100.000000
4400 0.375094 100.000000
4400 0.375019 100.000000
4400 0.375019 100.000000
4400 0.390710 1000.000000
4400 0.375018 1000.000000
4400 0.390645 1000.000000
4400 0.390644 1000.000000
4400 0.390644 1000.000000
4400 0.390645 1000.000000
4400 0.390645 1000.000000
4400 0.390639 1000.000000
4400 0.406270 1000.000000
4400 0.375019 1000.000000
4400 0.390645 10000.000000
4400 0.390700 10000.000000
4400 0.390645 10000.000000
4400 0.390642 10000.000000
4400 0.390643 10000.000000
4400 0.390642 10000.000000
4400 0.390645 10000.000000
4400 0.390645 10000.000000
4400 0.375014 10000.000000
4400 0.390645 10000.000000
4400 0.390646 100000.000000
4400 0.390643 100000.000000
4400 0.390645 100000.000000
4400 0.390645 100000.000000
4400 0.390651 100000.000000
4400 0.390645 100000.000000
4400 0.406319 100000.000000
4400 0.390718 100000.000000
4400 0.386540 100000.000000
4400 0.390645 100000.000000
4400 0.390646 1000000.000000
4400 0.390645 1000000.000000
4400 0.390648 1000000.000000
4400 0.406271 1000000.000000
4400 0.406271 1000000.000000
4400 0.390645 1000000.000000
4400 0.390645 1000000.000000
4400 0.390645 1000000.000000
4400 0.390645 1000000.000000
4400 0.406271 1000000.000000
4500 0.281265 1.000000
4500 0.265638 1.000000
4500 0.265706 1.000000
4500 0.265638 1.000000
4500 0.281265 1.000000
4500 0.265642 1.000000
4500 0.281265 1.000000
4500 0.265635 1.000000
4500 0.265703 1.000000
4500 0.281261 1.000000
4500 0.406271 10.000000
4500 0.406343 10.000000
4500 0.406273 10.000000
4500 0.406269 10.000000
4500 0.406271 10.000000
4500 0.406271 10.000000
4500 0.406270 10.000000
4500 0.406269 10.000000
4500 0.406343 10.000000
4500 0.406271 10.000000
4500 0.406271 100.000000
4500 0.406270 100.000000
4500 0.406271 100.000000
4500 0.406271 100.000000
4500 0.406271 100.000000
4500 0.406274 100.000000
4500 0.406274 100.000000
4500 0.406271 100.000000
4500 0.406324 100.000000
4500 0.406271 100.000000
4500 0.437575 1000.000000
4500 0.406271 1000.000000
4500 0.406449 1000.000000
4500 0.406270 1000.000000
4500 0.406272 1000.000000
4500 0.406271 1000.000000
4500 0.406275 1000.000000
4500 0.406334 1000.000000
4500 0.406271 1000.000000
4500 0.406271 1000.000000
4500 0.406271 10000.000000
4500 0.406271 10000.000000
4500 0.406271 10000.000000
4500 0.406272 10000.000000
4500 0.406271 10000.000000
4500 0.406331 10000.000000
4500 0.406271 10000.000000
4500 0.437522 10000.000000
4500 0.406271 10000.000000
4500 0.406268 10000.000000
4500 0.406271 100000.000000
4500 0.406274 100000.000000
4500 0.406332 100000.000000
4500 0.406271 100000.000000
4500 0.406340 100000.000000
4500 0.406269 100000.000000
4500 0.406337 100000.000000
4500 0.406269 100000.000000
4500 0.406339 100000.000000
4500 0.406270 100000.000000
4500 0.406272 1000000.000000
4500 0.406268 1000000.000000
4500 0.421896 1000000.000000
4500 0.421890 1000000.000000
4500 0.421897 1000000.000000
4500 0.406271 1000000.000000
4500 0.406271 1000000.000000
4500 0.406270 1000000.000000
4500 0.406271 1000000.000000
4500 0.406271 1000000.000000
4600 0.281259 1.000000
4600 0.281265 1.000000
4600 0.281265 1.000000
4600 0.281264 1.000000
4600 0.281265 1.000000
4600 0.281264 1.000000
4600 0.296890 1.000000
4600 0.281264 1.000000
4600 0.281265 1.000000
4600 0.281265 1.000000
4600 0.453146 10.000000
4600 0.437522 10.000000
4600 0.437580 10.000000
4600 0.421898 10.000000
4600 0.421896 10.000000
4600 0.421900 10.000000
4600 0.421897 10.000000
4600 0.421897 10.000000
4600 0.421899 10.000000
4600 0.421897 10.000000
4600 0.421896 100.000000
4600 0.421897 100.000000
4600 0.421896 100.000000
4600 0.421898 100.000000
4600 0.421957 100.000000
4600 0.421946 100.000000
4600 0.421897 100.000000
4600 0.421902 100.000000
4600 0.421895 100.000000
4600 0.421897 100.000000
4600 0.421896 1000.000000
4600 0.421894 1000.000000
4600 0.421897 1000.000000
4600 0.421897 1000.000000
4600 0.421897 1000.000000
4600 0.421897 1000.000000
4600 0.421897 1000.000000
4600 0.421896 1000.000000
4600 0.421896 1000.000000
4600 0.421893 1000.000000
4600 0.421896 10000.000000
4600 0.421897 10000.000000
4600 0.421958 10000.000000
4600 0.421896 10000.000000
4600 0.421897 10000.000000
4600 0.421897 10000.000000
4600 0.421896 10000.000000
4600 0.421902 10000.000000
4600 0.421897 10000.000000
4600 0.437522 10000.000000
4600 0.421891 100000.000000
4600 0.421897 100000.000000
4600 0.421895 100000.000000
4600 0.421899 100000.000000
4600 0.421896 100000.000000
4600 0.421896 100000.000000
4600 0.421891 100000.000000
4600 0.437600 100000.000000
4600 0.421897 100000.000000
4600 0.421896 100000.000000
4600 0.421897 1000000.000000
4600 0.437523 1000000.000000
4600 0.421973 1000000.000000
4600 0.437523 1000000.000000
4600 0.437591 1000000.000000
4600 0.421897 1000000.000000
4600 0.421899 1000000.000000
4600 0.437522 1000000.000000
4600 0.421965 1000000.000000
4600 0.437526 1000000.000000
4700 0.296888 1.000000
4700 0.296885 1.000000
4700 0.281264 1.000000
4700 0.281264 1.000000
4700 0.296890 1.000000
4700 0.296891 1.000000
4700 0.296891 1.000000
4700 0.312577 1.000000
4700 0.296890 1.000000
4700 0.281265 1.000000
4700 0.437523 10.000000
4700 0.437522 10.000000
4700 0.453148 10.000000
4700 0.437594 10.000000
4700 0.453146 10.000000
4700 0.453149 10.000000
4700 0.437522 10.000000
4700 0.437523 10.000000
4700 0.437625 10.000000
4700 0.437588 10.000000
4700 0.437621 100.000000
4700 0.437520 100.000000
4700 0.453148 100.000000
4700 0.437522 100.000000
4700 0.437522 100.000000
4700 0.437522 100.000000
4700 0.437592 100.000000
4700 0.453208 100.000000
4700 0.437524 100.000000
4700 0.437522 100.000000
4700 0.453212 1000.000000
4700 0.453148 1000.000000
4700 0.437522 1000.000000
4700 0.437590 1000.000000
4700 0.437518 1000.000000
4700 0.437585 1000.000000
4700 0.437524 1000.000000
4700 0.453149 1000.000000
4700 0.453148 1000.000000
4700 0.437522 1000.000000
4700 0.453144 10000.000000
4700 0.453148 10000.000000
4700 0.453209 10000.000000
4700 0.437523 10000.000000
4700 0.437522 10000.000000
4700 0.453148 10000.000000
4700 0.437570 10000.000000
4700 0.437522 10000.000000
4700 0.437526 10000.000000
4700 0.437523 10000.000000
4700 0.437523 100000.000000
4700 0.453148 100000.000000
4700 0.437523 100000.000000
4700 0.453148 100000.000000
4700 0.437584 100000.000000
4700 0.453148 100000.000000
4700 0.437617 100000.000000
4700 0.453208 100000.000000
4700 0.437523 100000.000000
4700 0.437523 100000.000000
4700 0.453149 1000000.000000
4700 0.453148 1000000.000000
4700 0.453149 1000000.000000
4700 0.437522 1000000.000000
4700 0.453148 1000000.000000
4700 0.437523 1000000.000000
4700 0.437522 1000000.000000
4700 0.453148 1000000.000000
4700 0.453148 1000000.000000
4700 0.437528 1000000.000000
4800 0.296947 1.000000
4800 0.312517 1.000000
4800 0.296889 1.000000
4800 0.312517 1.000000
4800 0.312516 1.000000
4800 0.296890 1.000000
4800 0.312516 1.000000
4800 0.296890 1.000000
4800 0.296891 1.000000
4800 0.312515 1.000000
4800 0.468769 10.000000
4800 0.453149 10.000000
4800 0.468774 10.000000
4800 0.468774 10.000000
4800 0.468774 10.000000
4800 0.453148 10.000000
4800 0.467889 10.000000
4800 0.468772 10.000000
4800 0.453221 10.000000
4800 0.468775 10.000000
4800 0.453149 100.000000
4800 0.468774 100.000000
4800 0.453150 100.000000
4800 0.468774 100.000000
4800 0.453148 100.000000
4800 0.468774 100.000000
4800 0.453215 100.000000
4800 0.453214 100.000000
4800 0.453216 100.000000
4800 0.453148 100.000000
4800 0.453225 1000.000000
4800 0.468847 1000.000000
4800 0.468774 1000.000000
4800 0.468829 1000.000000
4800 0.468777 1000.000000
4800 0.468774 1000.000000
4800 0.468773 1000.000000
4800 0.453148 1000.000000
4800 0.468774 1000.000000
4800 0.468774 1000.000000
4800 0.468772 10000.000000
4800 0.453202 10000.000000
4800 0.453221 10000.000000
4800 0.468774 10000.000000
4800 0.453206 10000.000000
4800 0.468774 10000.000000
4800 0.453147 10000.000000
4800 0.468780 10000.000000
4800 0.453152 10000.000000
4800 0.453149 10000.000000
4800 0.468774 100000.000000
4800 0.468828 100000.000000
4800 0.453213 100000.000000
4800 0.468774 100000.000000
4800 0.453149 100000.000000
4800 0.468768 100000.000000
4800 0.453149 100000.000000
4800 0.468774 100000.000000
4800 0.468772 100000.000000
4800 0.453151 100000.000000
4800 0.468774 1000000.000000
4800 0.468774 1000000.000000
4800 0.468841 1000000.000000
4800 0.468774 1000000.000000
4800 0.468834 1000000.000000
4800 0.468774 1000000.000000
4800 0.468774 1000000.000000
4800 0.468853 1000000.000000
4800 0.468774 1000000.000000
4800 0.468774 1000000.000000
4900 0.328142 1.000000
4900 0.312516 1.000000
4900 0.312579 1.000000
4900 0.312516 1.000000
4900 0.312516 1.000000
4900 0.312516 1.000000
4900 0.312577 1.000000
4900 0.312516 1.000000
4900 0.312516 1.000000
4900 0.328141 1.000000
4900 0.484454 10.000000
4900 0.484399 10.000000
4900 0.468774 10.000000
4900 0.484400 10.000000
4900 0.484400 10.000000
4900 0.468774 10.000000
4900 0.468774 10.000000
4900 0.484399 10.000000
4900 0.484460 10.000000
4900 0.500090 10.000000
4900 0.484456 100.000000
4900 0.468774 100.000000
4900 0.484461 100.000000
4900 0.484400 100.000000
4900 0.484400 100.000000
4900 0.484399 100.000000
4900 0.484401 100.000000
4900 0.468774 100.000000
4900 0.468776 100.000000
4900 0.484400 100.000000
4900 0.484400 1000.000000
4900 0.484395 1000.000000
4900 0.484400 1000.000000
4900 0.515704 1000.000000
4900 0.484471 1000.000000
4900 0.468772 1000.000000
4900 0.484400 1000.000000
4900 0.484399 1000.000000
4900 0.484400 1000.000000
4900 0.484398 1000.000000
4900 0.468775 10000.000000
4900 0.484400 10000.000000
4900 0.468775 10000.000000
4900 0.484400 10000.000000
4900 0.484453 10000.000000
4900 0.468847 10000.000000
4900 0.468772 10000.000000
4900 0.468773 10000.000000
4900 0.468774 10000.000000
4900 0.484461 10000.000000
4900 0.484400 100000.000000
4900 0.484402 100000.000000
4900 0.484400 100000.000000
4900 0.500026 100000.000000
4900 0.484402 100000.000000
4900 0.484400 100000.000000
4900 0.484397 100000.000000
4900 0.484402 100000.000000
4900 0.484400 100000.000000
4900 0.484400 100000.000000
4900 0.500086 1000000.000000
4900 0.484462 1000000.000000
4900 0.484401 1000000.000000
4900 0.500026 1000000.000000
4900 0.515654 1000000.000000
4900 0.484400 1000000.000000
4900 0.484465 1000000.000000
4900 0.484400 1000000.000000
4900 0.484400 1000000.000000
4900 0.484400 1000000.000000
5000 0.359393 1.000000
5000 0.328218 1.000000
5000 0.328141 1.000000
5000 0.328142 1.000000
5000 0.328213 1.000000
5000 0.343768 1.000000
5000 0.328142 1.000000
5000 0.328207 1.000000
5000 0.359387 1.000000
5000 0.343767 1.000000
5000 0.500025 10.000000
5000 0.500026 10.000000
5000 0.500026 10.000000
5000 0.500025 10.000000
5000 0.500023 10.000000
5000 0.500025 10.000000
5000 0.531278 10.000000
5000 0.500026 10.000000
5000 0.500025 10.000000
5000 0.500025 10.000000
5000 0.484396 100.000000
5000 0.500025 100.000000
5000 0.500031 100.000000
5000 0.500026 100.000000
5000 0.515650 100.000000
5000 0.500026 100.000000
5000 0.500026 100.000000
5000 0.500029 100.000000
5000 0.500025 100.000000
5000 0.500080 100.000000
5000 0.500027 1000.000000
5000 0.500026 1000.000000
5000 0.500026 1000.000000
5000 0.500025 1000.000000
5000 0.500081 1000.000000
5000 0.500026 1000.000000
5000 0.500028 1000.000000
5000 0.500026 1000.000000
5000 0.500026 1000.000000
5000 0.500091 1000.000000
5000 0.500026 10000.000000
5000 0.500026 10000.000000
5000 0.515646 10000.000000
5000 0.500029 10000.000000
5000 0.500096 10000.000000
5000 0.500026 10000.000000
5000 0.500025 10000.000000
5000 0.500026 10000.000000
5000 0.500091 10000.000000
5000 0.500026 10000.000000
5000 0.515649 100000.000000
5000 0.500090 100000.000000
5000 0.500090 100000.000000
5000 0.500025 100000.000000
5000 0.500125 100000.000000
5000 0.500020 100000.000000
5000 0.500027 100000.000000
5000 0.500026 100000.000000
5000 0.515651 100000.000000
5000 0.500025 100000.000000
5000 0.515651 1000000.000000
5000 0.500026 1000000.000000
5000 0.515651 1000000.000000
5000 0.500026 1000000.000000
5000 0.515646 1000000.000000
5000 0.500031 1000000.000000
5000 0.515706 1000000.000000
5000 0.515653 1000000.000000
5000 0.515650 1000000.000000
5000 0.515651 1000000.000000
5100 0.343768 1.000000
5100 0.343768 1.000000
5100 0.343771 1.000000
5100 0.359393 1.000000
5100 0.343768 1.000000
5100 0.343767 1.000000
5100 0.343767 1.000000
5100 0.343767 1.000000
5100 0.359393 1.000000
5100 0.343768 1.000000
5100 0.515651 10.000000
5100 0.531278 10.000000
5100 0.515652 10.000000
5100 0.515651 10.000000
5100 0.515652 10.000000
5100 0.531277 10.000000
5100 0.531277 10.000000
5100 0.515652 10.000000
5100 0.515651 10.000000
5100 0.515651 10.000000
5100 0.515705 100.000000
5100 0.515651 100.000000
5100 0.515652 100.000000
5100 0.531277 100.000000
5100 0.515651 100.000000
5100 0.515652 100.000000
5100 0.578156 100.000000
5100 0.515652 100.000000
5100 0.531281 100.000000
5100 0.515651 100.000000
5100 0.515651 1000.000000
5100 0.531278 1000.000000
5100 0.515651 1000.000000
5100 0.562528 1000.000000
5100 0.515652 1000.000000
5100 0.515652 1000.000000
5100 0.515734 1000.000000
5100 0.515651 1000.000000
5100 0.515652 1000.000000
5100 0.562526 1000.000000
5100 0.515715 10000.000000
5100 0.562531 10000.000000
5100 0.515651 10000.000000
5100 0.515651 10000.000000
5100 0.515651 10000.000000
5100 0.515652 10000.000000
5100 0.515651 10000.000000
5100 0.562530 10000.000000
5100 0.515709 10000.000000
5100 0.531280 10000.000000
5100 0.531280 100000.000000
5100 0.515652 100000.000000
5100 0.515651 100000.000000
5100 0.515651 100000.000000
5100 0.531446 100000.000000
5100 0.515652 100000.000000
5100 0.531339 100000.000000
5100 0.546903 100000.000000
5100 0.546909 100000.000000
5100 0.531277 100000.000000
5100 0.515652 1000000.000000
5100 0.515652 1000000.000000
5100 0.531283 1000000.000000
5100 0.515715 1000000.000000
5100 0.531333 1000000.000000
5100 0.562529 1000000.000000
5100 0.531277 1000000.000000
5100 0.531277 1000000.000000
5100 0.531277 1000000.000000
5100 0.531278 1000000.000000
5200 0.359394 1.000000
5200 0.359447 1.000000
5200 0.359390 1.000000
5200 0.359393 1.000000
5200 0.359393 1.000000
5200 0.359394 1.000000
5200 0.359393 1.000000
5200 0.359392 1.000000
5200 0.359397 1.000000
5200 0.359393 1.000000
5200 0.546903 10.000000
5200 0.546903 10.000000
5200 0.531337 10.000000
5200 0.546976 10.000000
5200 0.546903 10.000000
5200 0.562526 10.000000
5200 0.546966 10.000000
5200 0.546904 10.000000
5200 0.546897 10.000000
5200 0.546901 10.000000
5200 0.546903 100.000000
5200 0.546900 100.000000
5200 0.531336 100.000000
5200 0.546904 100.000000
5200 0.531342 100.000000
5200 0.546959 100.000000
5200 0.531334 100.000000
5200 0.546956 100.000000
5200 0.531271 100.000000
5200 0.531276 100.000000
5200 0.546903 1000.000000
5200 0.546903 1000.000000
5200 0.531332 1000.000000
5200 0.546898 1000.000000
5200 0.531277 1000.000000
5200 0.531277 1000.000000
5200 0.546903 1000.000000
5200 0.531277 1000.000000
5200 0.546967 1000.000000
5200 0.546955 1000.000000
5200 0.546970 10000.000000
5200 0.546903 10000.000000
5200 0.531276 10000.000000
5200 0.546903 10000.000000
5200 0.546906 10000.000000
5200 0.531283 10000.000000
5200 0.531277 10000.000000
5200 0.546903 10000.000000
5200 0.546902 10000.000000
5200 0.531277 10000.000000
5200 0.546903 100000.000000
5200 0.546897 100000.000000
5200 0.531277 100000.000000
5200 0.546903 100000.000000
5200 0.531342 100000.000000
5200 0.546905 100000.000000
5200 0.546909 100000.000000
5200 0.546900 100000.000000
5200 0.531277 100000.000000
5200 0.531277 100000.000000
5200 0.593785 1000000.000000
5200 0.546903 1000000.000000
5200 0.546903 1000000.000000
5200 0.546903 1000000.000000
5200 0.546904 1000000.000000
5200 0.546905 1000000.000000
5200 0.546903 1000000.000000
5200 0.546904 1000000.000000
5200 0.546909 1000000.000000
5200 0.546903 1000000.000000
5300 0.375019 1.000000
5300 0.375020 1.000000
5300 0.375019 1.000000
5300 0.375072 1.000000
5300 0.406271 1.000000
5300 0.375020 1.000000
5300 0.375020 1.000000
5300 0.375018 1.000000
5300 0.375073 1.000000
5300 0.359394 1.000000
5300 0.546978 10.000000
5300 0.562529 10.000000
5300 0.562530 10.000000
5300 0.562526 10.000000
5300 0.562592 10.000000
5300 0.578152 10.000000
5300 0.562528 10.000000
5300 0.562582 10.000000
5300 0.562529 10.000000
5300 0.562528 10.000000
5300 0.562529 100.000000
5300 0.562530 100.000000
5300 0.562533 100.000000
5300 0.546968 100.000000
5300 0.546965 100.000000
5300 0.546903 100.000000
5300 0.562529 100.000000
5300 0.562529 100.000000
5300 0.562528 100.000000
5300 0.562593 100.000000
5300 0.562523 1000.000000
5300 0.562593 1000.000000
5300 0.562529 1000.000000
5300 0.562529 1000.000000
5300 0.562597 1000.000000
5300 0.562527 1000.000000
5300 0.562529 1000.000000
5300 0.562525 1000.000000
5300 0.562534 1000.000000
5300 0.562527 1000.000000
5300 0.562590 10000.000000
5300 0.562527 10000.000000
5300 0.562529 10000.000000
5300 0.562529 10000.000000
5300 0.562534 10000.000000
5300 0.562582 10000.000000
5300 0.562529 10000.000000
5300 0.562528 10000.000000
5300 0.562528 10000.000000
5300 0.546903 10000.000000
5300 0.562528 100000.000000
5300 0.562534 100000.000000
5300 0.562529 100000.000000
5300 0.562529 100000.000000
5300 0.562529 100000.000000
5300 0.578154 100000.000000
5300 0.562529 100000.000000
5300 0.562580 100000.000000
5300 0.562529 100000.000000
5300 0.562583 100000.000000
5300 0.562535 1000000.000000
5300 0.562529 1000000.000000
5300 0.578154 1000000.000000
5300 0.578155 1000000.000000
5300 0.578208 1000000.000000
5300 0.562529 1000000.000000
5300 0.578155 1000000.000000
5300 0.562529 1000000.000000
5300 0.562530 1000000.000000
5300 0.578152 1000000.000000
5400 0.375018 1.000000
5400 0.390707 1.000000
5400 0.390645 1.000000
5400 0.390640 1.000000
5400 0.375084 1.000000
5400 0.375019 1.000000
5400 0.390645 1.000000
5400 0.421900 1.000000
5400 0.390698 1.000000
5400 0.375022 1.000000
5400 0.625032 10.000000
5400 0.593780 10.000000
5400 0.625032 10.000000
5400 0.578149 10.000000
5400 0.578206 10.000000
5400 0.625032 10.000000
5400 0.609406 10.000000
5400 0.625032 10.000000
5400 0.593780 10.000000
5400 0.593780 10.000000
5400 0.625032 100.000000
5400 0.609479 100.000000
5400 0.625032 100.000000
5400 0.578155 100.000000
5400 0.578156 100.000000
5400 0.625094 100.000000
5400 0.609407 100.000000
5400 0.625032 100.000000
5400 0.578154 100.000000
5400 0.578155 100.000000
5400 0.625027 1000.000000
5400 0.609407 1000.000000
5400 0.625032 1000.000000
5400 0.578155 1000.000000
5400 0.578154 1000.000000
5400 0.625033 1000.000000
5400 0.593833 1000.000000
5400 0.625103 1000.000000
5400 0.578157 1000.000000
5400 0.578154 1000.000000
5400 0.625032 10000.000000
5400 0.609406 10000.000000
5400 0.640658 10000.000000
5400 0.578155 10000.000000
5400 0.578154 10000.000000
5400 0.625097 10000.000000
5400 0.609407 10000.000000
5400 0.625033 10000.000000
5400 0.578156 10000.000000
5400 0.578228 10000.000000
5400 0.625027 100000.000000
5400 0.609407 100000.000000
5400 0.625032 100000.000000
5400 0.593855 100000.000000
5400 0.593851 100000.000000
5400 0.640658 100000.000000
5400 0.609406 100000.000000
5400 0.625032 100000.000000
5400 0.593841 100000.000000
5400 0.578155 100000.000000
5400 0.640657 1000000.000000
5400 0.609463 1000000.000000
5400 0.640711 1000000.000000
5400 0.578155 1000000.000000
5400 0.578157 1000000.000000
5400 0.640721 1000000.000000
5400 0.609407 1000000.000000
5400 0.640657 1000000.000000
5400 0.593782 1000000.000000
5400 0.593782 1000000.000000
5500 0.406269 1.000000
5500 0.390647 1.000000
5500 0.390646 1.000000
5500 0.390648 1.000000
5500 0.390645 1.000000
5500 0.390645 1.000000
5500 0.406265 1.000000
5500 0.406271 1.000000
5500 0.406273 1.000000
5500 0.406271 1.000000
5500 0.609469 10.000000
5500 0.593783 10.000000
5500 0.593841 10.000000
5500 0.593834 10.000000
5500 0.593780 10.000000
5500 0.593781 10.000000
5500 0.609404 10.000000
5500 0.609407 10.000000
5500 0.593782 10.000000
5500 0.609406 10.000000
5500 0.609412 100.000000
5500 0.609407 100.000000
5500 0.609405 100.000000
5500 0.609406 100.000000
5500 0.609408 100.000000
5500 0.609404 100.000000
5500 0.593780 100.000000
5500 0.593780 100.000000
5500 0.609461 100.000000
5500 0.609406 100.000000
5500 0.593780 1000.000000
5500 0.609406 1000.000000
5500 0.609407 1000.000000
5500 0.593843 1000.000000
5500 0.593781 1000.000000
5500 0.593780 1000.000000
5500 0.609406 1000.000000
5500 0.593841 1000.000000
5500 0.593781 1000.000000
5500 0.609408 1000.000000
5500 0.593784 10000.000000
5500 0.656278 10000.000000
5500 0.609403 10000.000000
5500 0.609406 10000.000000
5500 0.593833 10000.000000
5500 0.593781 10000.000000
5500 0.609406 10000.000000
5500 0.609406 10000.000000
5500 0.609406 10000.000000
5500 0.609406 10000.000000
5500 0.609406 100000.000000
5500 0.609406 100000.000000
5500 0.609407 100000.000000
5500 0.609457 100000.000000
5500 0.609406 100000.000000
5500 0.609406 100000.000000
5500 0.609407 100000.000000
5500 0.602357 100000.000000
5500 0.609466 100000.000000
5500 0.609407 100000.000000
5500 0.609404 1000000.000000
5500 0.609406 1000000.000000
5500 0.625032 1000000.000000
5500 0.609408 1000000.000000
