3100 0.171884 1.000000
3100 0.187512 1.000000
3100 0.171884 1.000000
3100 0.187510 1.000000
3100 0.171883 1.000000
3100 0.171881 1.000000
3100 0.171886 1.000000
3100 0.187509 1.000000
3100 0.187510 1.000000
3100 0.187513 1.000000
3100 0.171884 10.000000
3100 0.187508 10.000000
3100 0.171884 10.000000
3100 0.187509 10.000000
3100 0.187509 10.000000
3100 0.187516 10.000000
3100 0.187509 10.000000
3100 0.187510 10.000000
3100 0.171882 10.000000
3100 0.203136 10.000000
3100 0.187509 100.000000
3100 0.187509 100.000000
3100 0.187510 100.000000
3100 0.171883 100.000000
3100 0.187509 100.000000
3100 0.187507 100.000000
3100 0.187510 100.000000
3100 0.187510 100.000000
3100 0.187508 100.000000
3100 0.171883 100.000000
3100 0.171884 1000.000000
3100 0.171884 1000.000000
3100 0.187509 1000.000000
3100 0.187509 1000.000000
3100 0.187510 1000.000000
3100 0.187510 1000.000000
3100 0.171884 1000.000000
3100 0.187510 1000.000000
3100 0.187508 1000.000000
3100 0.187510 1000.000000
3100 0.125007 10000.000000
3100 0.125006 10000.000000
3100 0.171885 10000.000000
3100 0.171884 10000.000000
3100 0.125006 10000.000000
3100 0.125007 10000.000000
3100 0.109381 10000.000000
3100 0.187509 10000.000000
3100 0.171884 10000.000000
3100 0.125007 10000.000000
3100 0.109380 100000.000000
3100 0.109381 100000.000000
3100 0.125009 100000.000000
3100 0.109380 100000.000000
3100 0.109381 100000.000000
3100 0.109380 100000.000000
3100 0.125071 100000.000000
3100 0.125007 100000.000000
3100 0.109384 100000.000000
3100 0.109380 100000.000000
3100 0.125006 1000000.000000
3100 0.109380 1000000.000000
3100 0.125004 1000000.000000
3100 0.125006 1000000.000000
3100 0.125006 1000000.000000
3100 0.109381 1000000.000000
3100 0.125007 1000000.000000
3100 0.125007 1000000.000000
3100 0.125007 1000000.000000
3100 0.109381 1000000.000000
3200 0.187513 1.000000
3200 0.187509 1.000000
3200 0.203133 1.000000
3200 0.203134 1.000000
3200 0.203135 1.000000
3200 0.187511 1.000000
3200 0.203135 1.000000
3200 0.203136 1.000000
3200 0.187510 1.000000
3200 0.187510 1.000000
3200 0.187510 10.000000
3200 0.203141 10.000000
3200 0.187512 10.000000
3200 0.187505 10.000000
3200 0.187510 10.000000
3200 0.187509 10.000000
3200 0.203135 10.000000
3200 0.203134 10.000000
3200 0.203136 10.000000
3200 0.187510 10.000000
3200 0.187510 100.000000
3200 0.203135 100.000000
3200 0.187509 100.000000
3200 0.203130 100.000000
3200 0.187512 100.000000
3200 0.203138 100.000000
3200 0.187505 100.000000
3200 0.187511 100.000000
3200 0.187511 100.000000
3200 0.187509 100.000000
3200 0.187510 1000.000000
3200 0.203135 1000.000000
3200 0.203136 1000.000000
3200 0.187509 1000.000000
3200 0.187509 1000.000000
3200 0.203141 1000.000000
3200 0.187515 1000.000000
3200 0.187510 1000.000000
3200 0.187508 1000.000000
3200 0.203136 1000.000000
3200 0.125006 10000.000000
3200 0.140632 10000.000000
3200 0.125007 10000.000000
3200 0.125009 10000.000000
3200 0.125066 10000.000000
3200 0.203137 10000.000000
3200 0.125007 10000.000000
3200 0.203131 10000.000000
3200 0.187510 10000.000000
3200 0.125012 10000.000000
3200 0.125007 100000.000000
3200 0.125001 100000.000000
3200 0.125006 100000.000000
3200 0.125003 100000.000000
3200 0.140633 100000.000000
3200 0.125009 100000.000000
3200 0.125006 100000.000000
3200 0.125062 100000.000000
3200 0.125005 100000.000000
3200 0.125007 100000.000000
3200 0.125006 1000000.000000
3200 0.125007 1000000.000000
3200 0.125007 1000000.000000
3200 0.125005 1000000.000000
3200 0.125006 1000000.000000
3200 0.125006 1000000.000000
3200 0.140632 1000000.000000
3200 0.140633 1000000.000000
3200 0.140633 1000000.000000
3200 0.125007 1000000.000000
3300 0.203138 1.000000
3300 0.203131 1.000000
3300 0.203135 1.000000
3300 0.203135 1.000000
3300 0.203136 1.000000
3300 0.211648 1.000000
3300 0.203135 1.000000
3300 0.218836 1.000000
3300 0.203135 1.000000
3300 0.203134 1.000000
3300 0.203137 10.000000
3300 0.218760 10.000000
3300 0.203135 10.000000
3300 0.203135 10.000000
3300 0.203136 10.000000
3300 0.203136 10.000000
3300 0.203136 10.000000
3300 0.203135 10.000000
3300 0.203136 10.000000
3300 0.218761 10.000000
3300 0.203136 100.000000
3300 0.203142 100.000000
3300 0.203135 100.000000
3300 0.203136 100.000000
3300 0.203135 100.000000
3300 0.203136 100.000000
3300 0.218761 100.000000
3300 0.203135 100.000000
3300 0.218761 100.000000
3300 0.203135 100.000000
3300 0.203136 1000.000000
3300 0.203134 1000.000000
3300 0.218761 1000.000000
3300 0.203136 1000.000000
3300 0.203136 1000.000000
3300 0.203136 1000.000000
3300 0.218761 1000.000000
3300 0.203136 1000.000000
3300 0.203135 1000.000000
3300 0.203135 1000.000000
3300 0.125006 10000.000000
3300 0.218761 10000.000000
3300 0.125006 10000.000000
3300 0.155667 10000.000000
3300 0.140633 10000.000000
3300 0.125006 10000.000000
3300 0.140632 10000.000000
3300 0.140632 10000.000000
3300 0.140632 10000.000000
3300 0.140632 10000.000000
3300 0.125007 100000.000000
3300 0.140632 100000.000000
3300 0.140632 100000.000000
3300 0.125007 100000.000000
3300 0.140692 100000.000000
3300 0.140632 100000.000000
3300 0.203135 100000.000000
3300 0.125007 100000.000000
3300 0.140633 100000.000000
3300 0.125006 100000.000000
3300 0.140628 1000000.000000
3300 0.140631 1000000.000000
3300 0.140633 1000000.000000
3300 0.140632 1000000.000000
3300 0.140632 1000000.000000
3300 0.140632 1000000.000000
3300 0.125001 1000000.000000
3300 0.125075 1000000.000000
3300 0.140635 1000000.000000
3300 0.140632 1000000.000000
3400 0.218962 1.000000
3400 0.218761 1.000000
3400 0.218759 1.000000
3400 0.218762 1.000000
3400 0.218830 1.000000
3400 0.218762 1.000000
3400 0.218761 1.000000
3400 0.218758 1.000000
3400 0.234436 1.000000
3400 0.218762 1.000000
3400 0.218762 10.000000
3400 0.234388 10.000000
3400 0.218762 10.000000
3400 0.218761 10.000000
3400 0.218761 10.000000
3400 0.218762 10.000000
3400 0.218761 10.000000
3400 0.218762 10.000000
3400 0.218760 10.000000
3400 0.218761 10.000000
3400 0.218761 100.000000
3400 0.218761 100.000000
3400 0.218756 100.000000
3400 0.218761 100.000000
3400 0.218761 100.000000
3400 0.218760 100.000000
3400 0.218761 100.000000
3400 0.218762 100.000000
3400 0.218815 100.000000
3400 0.218760 100.000000
3400 0.218765 1000.000000
3400 0.218761 1000.000000
3400 0.218761 1000.000000
3400 0.218761 1000.000000
3400 0.218761 1000.000000
3400 0.218761 1000.000000
3400 0.218761 1000.000000
3400 0.218761 1000.000000
3400 0.234387 1000.000000
3400 0.218761 1000.000000
3400 0.234440 10000.000000
3400 0.218761 10000.000000
3400 0.140634 10000.000000
3400 0.140632 10000.000000
3400 0.140633 10000.000000
3400 0.140632 10000.000000
3400 0.218762 10000.000000
3400 0.156259 10000.000000
3400 0.140633 10000.000000
3400 0.140633 10000.000000
3400 0.140632 100000.000000
3400 0.140633 100000.000000
3400 0.156258 100000.000000
3400 0.140632 100000.000000
3400 0.140632 100000.000000
3400 0.140632 100000.000000
3400 0.140632 100000.000000
3400 0.140635 100000.000000
3400 0.140632 100000.000000
3400 0.140632 100000.000000
3400 0.156258 1000000.000000
3400 0.140633 1000000.000000
3400 0.156258 1000000.000000
3400 0.156258 1000000.000000
3400 0.156258 1000000.000000
3400 0.140632 1000000.000000
3400 0.140632 1000000.000000
3400 0.140632 1000000.000000
3400 0.156259 1000000.000000
3400 0.140633 1000000.000000
3500 0.234388 1.000000
3500 0.234386 1.000000
3500 0.234386 1.000000
3500 0.234387 1.000000
3500 0.234387 1.000000
3500 0.234387 1.000000
3500 0.234391 1.000000
3500 0.234451 1.000000
3500 0.234390 1.000000
3500 0.234388 1.000000
3500 0.234387 10.000000
3500 0.234388 10.000000
3500 0.234389 10.000000
3500 0.234387 10.000000
3500 0.234387 10.000000
3500 0.218815 10.000000
3500 0.234388 10.000000
3500 0.234387 10.000000
3500 0.234387 10.000000
3500 0.234384 10.000000
3500 0.234383 100.000000
3500 0.234387 100.000000
3500 0.234446 100.000000
3500 0.234387 100.000000
3500 0.250013 100.000000
3500 0.234387 100.000000
3500 0.234387 100.000000
3500 0.234387 100.000000
3500 0.234385 100.000000
3500 0.234387 100.000000
3500 0.234388 1000.000000
3500 0.234388 1000.000000
3500 0.234447 1000.000000
3500 0.234387 1000.000000
3500 0.234387 1000.000000
3500 0.234452 1000.000000
3500 0.234391 1000.000000
3500 0.234384 1000.000000
3500 0.234388 1000.000000
3500 0.234386 1000.000000
3500 0.140633 10000.000000
3500 0.140632 10000.000000
3500 0.140633 10000.000000
3500 0.156258 10000.000000
3500 0.156258 10000.000000
3500 0.234387 10000.000000
3500 0.171882 10000.000000
3500 0.156258 10000.000000
3500 0.234388 10000.000000
3500 0.234387 10000.000000
3500 0.156258 100000.000000
3500 0.156257 100000.000000
3500 0.156258 100000.000000
3500 0.171883 100000.000000
3500 0.156258 100000.000000
3500 0.156257 100000.000000
3500 0.156258 100000.000000
3500 0.156258 100000.000000
3500 0.156258 100000.000000
3500 0.156259 100000.000000
3500 0.156257 1000000.000000
3500 0.156258 1000000.000000
3500 0.156258 1000000.000000
3500 0.156258 1000000.000000
3500 0.156258 1000000.000000
3500 0.156258 1000000.000000
3500 0.156257 1000000.000000
3500 0.156259 1000000.000000
3500 0.156264 1000000.000000
3500 0.156258 1000000.000000
3600 0.250014 1.000000
3600 0.250066 1.000000
3600 0.234387 1.000000
3600 0.250015 1.000000
3600 0.250013 1.000000
3600 0.250015 1.000000
3600 0.250014 1.000000
3600 0.250012 1.000000
3600 0.250012 1.000000
3600 0.250013 1.000000
3600 0.250012 10.000000
3600 0.250014 10.000000
3600 0.250013 10.000000
3600 0.234382 10.000000
3600 0.250013 10.000000
3600 0.250013 10.000000
3600 0.250080 10.000000
3600 0.250013 10.000000
3600 0.250013 10.000000
3600 0.250013 10.000000
3600 0.250078 100.000000
3600 0.250014 100.000000
3600 0.250012 100.000000
3600 0.250013 100.000000
3600 0.250066 100.000000
3600 0.234388 100.000000
3600 0.250070 100.000000
3600 0.234386 100.000000
3600 0.250013 100.000000
3600 0.250013 100.000000
3600 0.250013 1000.000000
3600 0.250013 1000.000000
3600 0.250020 1000.000000
3600 0.250011 1000.000000
3600 0.250012 1000.000000
3600 0.250012 1000.000000
3600 0.250013 1000.000000
3600 0.234387 1000.000000
3600 0.250017 1000.000000
3600 0.250012 1000.000000
3600 0.156258 10000.000000
3600 0.156258 10000.000000
3600 0.156258 10000.000000
3600 0.156258 10000.000000
3600 0.171885 10000.000000
3600 0.171884 10000.000000
3600 0.171883 10000.000000
3600 0.171884 10000.000000
3600 0.171878 10000.000000
3600 0.156318 10000.000000
3600 0.171884 100000.000000
3600 0.171884 100000.000000
3600 0.171884 100000.000000
3600 0.171945 100000.000000
3600 0.171889 100000.000000
3600 0.171884 100000.000000
3600 0.171883 100000.000000
3600 0.156257 100000.000000
3600 0.171884 100000.000000
3600 0.171883 100000.000000
3600 0.156327 1000000.000000
3600 0.171884 1000000.000000
3600 0.156328 1000000.000000
3600 0.171882 1000000.000000
3600 0.171884 1000000.000000
3600 0.171883 1000000.000000
3600 0.156258 1000000.000000
3600 0.156257 1000000.000000
3600 0.156259 1000000.000000
3600 0.171884 1000000.000000
3700 0.250011 1.000000
3700 0.265639 1.000000
3700 0.265639 1.000000
3700 0.265639 1.000000
3700 0.265636 1.000000
3700 0.265639 1.000000
3700 0.265638 1.000000
3700 0.265713 1.000000
3700 0.265639 1.000000
3700 0.265635 1.000000
3700 0.265711 10.000000
3700 0.265639 10.000000
3700 0.265637 10.000000
3700 0.265639 10.000000
3700 0.250080 10.000000
3700 0.250017 10.000000
3700 0.250012 10.000000
3700 0.265638 10.000000
3700 0.265639 10.000000
3700 0.265713 10.000000
3700 0.265639 100.000000
3700 0.265639 100.000000
3700 0.250012 100.000000
3700 0.265638 100.000000
3700 0.265638 100.000000
3700 0.265639 100.000000
3700 0.265638 100.000000
3700 0.250082 100.000000
3700 0.265638 100.000000
3700 0.265638 100.000000
3700 0.265639 1000.000000
3700 0.265639 1000.000000
3700 0.265639 1000.000000
3700 0.265639 1000.000000
3700 0.265701 1000.000000
3700 0.265639 1000.000000
3700 0.265638 1000.000000
3700 0.265638 1000.000000
3700 0.250019 1000.000000
3700 0.265638 1000.000000
3700 0.250013 10000.000000
3700 0.171883 10000.000000
3700 0.171884 10000.000000
3700 0.171884 10000.000000
3700 0.171884 10000.000000
3700 0.171883 10000.000000
3700 0.265638 10000.000000
3700 0.171884 10000.000000
3700 0.171884 10000.000000
3700 0.171883 10000.000000
3700 0.171884 100000.000000
3700 0.171884 100000.000000
3700 0.171884 100000.000000
3700 0.171883 100000.000000
3700 0.187510 100000.000000
3700 0.171884 100000.000000
3700 0.171883 100000.000000
3700 0.171883 100000.000000
3700 0.187510 100000.000000
3700 0.171884 100000.000000
3700 0.171883 1000000.000000
3700 0.187510 1000000.000000
3700 0.171884 1000000.000000
3700 0.171890 1000000.000000
3700 0.187510 1000000.000000
3700 0.187510 1000000.000000
3700 0.171884 1000000.000000
3700 0.171883 1000000.000000
3700 0.187510 1000000.000000
3700 0.171884 1000000.000000
3800 0.265639 1.000000
3800 0.281265 1.000000
3800 0.281264 1.000000
3800 0.265644 1.000000
3800 0.281264 1.000000
3800 0.281264 1.000000
3800 0.281264 1.000000
3800 0.281265 1.000000
3800 0.281264 1.000000
3800 0.281264 1.000000
3800 0.281323 10.000000
3800 0.281329 10.000000
3800 0.281263 10.000000
3800 0.265638 10.000000
3800 0.281265 10.000000
3800 0.281265 10.000000
3800 0.281264 10.000000
3800 0.281265 10.000000
3800 0.265638 10.000000
3800 0.281265 10.000000
3800 0.281265 100.000000
3800 0.281319 100.000000
3800 0.265692 100.000000
3800 0.281265 100.000000
3800 0.281264 100.000000
3800 0.281264 100.000000
3800 0.281264 100.000000
3800 0.281264 100.000000
3800 0.296891 100.000000
3800 0.281265 100.000000
3800 0.281265 1000.000000
3800 0.265697 1000.000000
3800 0.281263 1000.000000
3800 0.281264 1000.000000
3800 0.281265 1000.000000
3800 0.281264 1000.000000
3800 0.281264 1000.000000
3800 0.265640 1000.000000
3800 0.281337 1000.000000
3800 0.281265 1000.000000
3800 0.187580 10000.000000
3800 0.187510 10000.000000
3800 0.171884 10000.000000
3800 0.281267 10000.000000
3800 0.187510 10000.000000
3800 0.281267 10000.000000
3800 0.187509 10000.000000
3800 0.187510 10000.000000
3800 0.171884 10000.000000
3800 0.171884 10000.000000
3800 0.187510 100000.000000
3800 0.187509 100000.000000
3800 0.187510 100000.000000
3800 0.187510 100000.000000
3800 0.187509 100000.000000
3800 0.187509 100000.000000
3800 0.171884 100000.000000
3800 0.203136 100000.000000
3800 0.171884 100000.000000
3800 0.187509 100000.000000
3800 0.187584 1000000.000000
3800 0.187510 1000000.000000
3800 0.187510 1000000.000000
3800 0.187510 1000000.000000
3800 0.187509 1000000.000000
3800 0.171950 1000000.000000
3800 0.187509 1000000.000000
3800 0.203132 1000000.000000
3800 0.187584 1000000.000000
3800 0.187510 1000000.000000
3900 0.281265 1.000000
3900 0.296890 1.000000
3900 0.281265 1.000000
3900 0.296891 1.000000
3900 0.296893 1.000000
3900 0.281265 1.000000
3900 0.296890 1.000000
3900 0.281264 1.000000
3900 0.296891 1.000000
3900 0.296891 1.000000
3900 0.296890 10.000000
3900 0.296956 10.000000
3900 0.296890 10.000000
3900 0.296890 10.000000
3900 0.296890 10.000000
3900 0.296887 10.000000
3900 0.281261 10.000000
3900 0.296891 10.000000
3900 0.296890 10.000000
3900 0.296890 10.000000
3900 0.296890 100.000000
3900 0.296891 100.000000
3900 0.296890 100.000000
3900 0.296890 100.000000
3900 0.296890 100.000000
3900 0.281264 100.000000
3900 0.296962 100.000000
3900 0.296890 100.000000
3900 0.281267 100.000000
3900 0.296890 100.000000
3900 0.296889 1000.000000
3900 0.296962 1000.000000
3900 0.281265 1000.000000
3900 0.296963 1000.000000
3900 0.297924 1000.000000
3900 0.296891 1000.000000
3900 0.296890 1000.000000
3900 0.296888 1000.000000
3900 0.296891 1000.000000
3900 0.281264 1000.000000
3900 0.187509 10000.000000
3900 0.187509 10000.000000
3900 0.203192 10000.000000
3900 0.187509 10000.000000
3900 0.187509 10000.000000
3900 0.187510 10000.000000
3900 0.203135 10000.000000
3900 0.296885 10000.000000
3900 0.187512 10000.000000
3900 0.203135 10000.000000
3900 0.187509 100000.000000
3900 0.203209 100000.000000
3900 0.187510 100000.000000
3900 0.187509 100000.000000
3900 0.187510 100000.000000
3900 0.187508 100000.000000
3900 0.203136 100000.000000
3900 0.187510 100000.000000
3900 0.187510 100000.000000
3900 0.187510 100000.000000
3900 0.203136 1000000.000000
3900 0.187510 1000000.000000
3900 0.203136 1000000.000000
3900 0.203135 1000000.000000
3900 0.187509 1000000.000000
3900 0.203135 1000000.000000
3900 0.203133 1000000.000000
3900 0.203209 1000000.000000
3900 0.203136 1000000.000000
3900 0.187513 1000000.000000
4000 0.312521 1.000000
4000 0.312515 1.000000
4000 0.312516 1.000000
4000 0.312514 1.000000
4000 0.296890 1.000000
4000 0.296884 1.000000
4000 0.312514 1.000000
4000 0.312516 1.000000
4000 0.312516 1.000000
4000 0.296945 1.000000
4000 0.312515 10.000000
4000 0.296890 10.000000
4000 0.312510 10.000000
4000 0.312517 10.000000
4000 0.296890 10.000000
4000 0.312517 10.000000
4000 0.312516 10.000000
4000 0.312516 10.000000
4000 0.312516 10.000000
4000 0.312516 10.000000
4000 0.312579 100.000000
4000 0.312516 100.000000
4000 0.312516 100.000000
4000 0.296891 100.000000
4000 0.312516 100.000000
4000 0.312514 100.000000
4000 0.296890 100.000000
4000 0.312516 100.000000
4000 0.312516 100.000000
4000 0.296885 100.000000
4000 0.312588 1000.000000
4000 0.312516 1000.000000
4000 0.312516 1000.000000
4000 0.312516 1000.000000
4000 0.312514 1000.000000
4000 0.312516 1000.000000
4000 0.312517 1000.000000
4000 0.312588 1000.000000
4000 0.312516 1000.000000
4000 0.312583 1000.000000
4000 0.187570 10000.000000
4000 0.203134 10000.000000
4000 0.203136 10000.000000
4000 0.203135 10000.000000
4000 0.203135 10000.000000
4000 0.203137 10000.000000
4000 0.203136 10000.000000
4000 0.203138 10000.000000
4000 0.203136 10000.000000
4000 0.203136 10000.000000
4000 0.203134 100000.000000
4000 0.203182 100000.000000
4000 0.203136 100000.000000
4000 0.203136 100000.000000
4000 0.203134 100000.000000
4000 0.203135 100000.000000
4000 0.203135 100000.000000
4000 0.203135 100000.000000
4000 0.203134 100000.000000
4000 0.203135 100000.000000
4000 0.218764 1000000.000000
4000 0.203136 1000000.000000
4000 0.203142 1000000.000000
4000 0.218760 1000000.000000
4000 0.203136 1000000.000000
4000 0.203136 1000000.000000
4000 0.218762 1000000.000000
4000 0.203135 1000000.000000
4000 0.203136 1000000.000000
4000 0.203135 1000000.000000
4100 0.328141 1.000000
4100 0.359394 1.000000
4100 0.328146 1.000000
4100 0.328141 1.000000
4100 0.312516 1.000000
4100 0.328142 1.000000
4100 0.312516 1.000000
4100 0.328142 1.000000
4100 0.328215 1.000000
4100 0.328197 1.000000
4100 0.328140 10.000000
4100 0.328136 10.000000
4100 0.328142 10.000000
4100 0.328139 10.000000
4100 0.328144 10.000000
4100 0.328142 10.000000
4100 0.328141 10.000000
4100 0.328142 10.000000
4100 0.328220 10.000000
4100 0.328141 10.000000
4100 0.312516 100.000000
4100 0.328139 100.000000
4100 0.328196 100.000000
4100 0.328142 100.000000
4100 0.328147 100.000000
4100 0.328142 100.000000
4100 0.328142 100.000000
4100 0.328142 100.000000
4100 0.312516 100.000000
4100 0.328217 100.000000
4100 0.328142 1000.000000
4100 0.328142 1000.000000
4100 0.328217 1000.000000
4100 0.328204 1000.000000
4100 0.328139 1000.000000
4100 0.328214 1000.000000
4100 0.328216 1000.000000
4100 0.328215 1000.000000
4100 0.328141 1000.000000
4100 0.328142 1000.000000
4100 0.218761 10000.000000
4100 0.328141 10000.000000
4100 0.203136 10000.000000
4100 0.218761 10000.000000
4100 0.203136 10000.000000
4100 0.312516 10000.000000
4100 0.218761 10000.000000
4100 0.203135 10000.000000
4100 0.218762 10000.000000
4100 0.203135 10000.000000
4100 0.218761 100000.000000
4100 0.218761 100000.000000
4100 0.203137 100000.000000
4100 0.218761 100000.000000
4100 0.203135 100000.000000
4100 0.218761 100000.000000
4100 0.218761 100000.000000
4100 0.203136 100000.000000
4100 0.203136 100000.000000
4100 0.218761 100000.000000
4100 0.218757 1000000.000000
4100 0.218761 1000000.000000
4100 0.218761 1000000.000000
4100 0.218764 1000000.000000
4100 0.203135 1000000.000000
4100 0.218761 1000000.000000
4100 0.218761 1000000.000000
4100 0.218761 1000000.000000
4100 0.218762 1000000.000000
4100 0.218761 1000000.000000
4200 0.343768 1.000000
4200 0.343768 1.000000
4200 0.343767 1.000000
4200 0.343768 1.000000
4200 0.343826 1.000000
4200 0.343767 1.000000
4200 0.328142 1.000000
4200 0.343768 1.000000
4200 0.343768 1.000000
4200 0.343766 1.000000
4200 0.343767 10.000000
4200 0.343762 10.000000
4200 0.375019 10.000000
4200 0.343773 10.000000
4200 0.343768 10.000000
4200 0.343768 10.000000
4200 0.343768 10.000000
4200 0.343767 10.000000
4200 0.343768 10.000000
4200 0.343767 10.000000
4200 0.343767 100.000000
4200 0.343768 100.000000
4200 0.343763 100.000000
4200 0.343768 100.000000
4200 0.343771 100.000000
4200 0.343767 100.000000
4200 0.343768 100.000000
4200 0.343768 100.000000
4200 0.343768 100.000000
4200 0.359393 100.000000
4200 0.343832 1000.000000
4200 0.359387 1000.000000
4200 0.343768 1000.000000
4200 0.343768 1000.000000
4200 0.343768 1000.000000
4200 0.343768 1000.000000
4200 0.343768 1000.000000
4200 0.343767 1000.000000
4200 0.343768 1000.000000
4200 0.343769 1000.000000
4200 0.218762 10000.000000
4200 0.218761 10000.000000
4200 0.343837 10000.000000
4200 0.218761 10000.000000
4200 0.343768 10000.000000
4200 0.218761 10000.000000
4200 0.234393 10000.000000
4200 0.234387 10000.000000
4200 0.234384 10000.000000
4200 0.234388 10000.000000
4200 0.343768 100000.000000
4200 0.234440 100000.000000
4200 0.234387 100000.000000
4200 0.234387 100000.000000
4200 0.218761 100000.000000
4200 0.218761 100000.000000
4200 0.234387 100000.000000
4200 0.218834 100000.000000
4200 0.218761 100000.000000
4200 0.234452 100000.000000
4200 0.218836 1000000.000000
4200 0.218761 1000000.000000
4200 0.218761 1000000.000000
4200 0.234390 1000000.000000
4200 0.231153 1000000.000000
4200 0.234450 1000000.000000
4200 0.234385 1000000.000000
4200 0.234387 1000000.000000
4200 0.218761 1000000.000000
4200 0.234387 1000000.000000
4300 0.343768 1.000000
4300 0.359461 1.000000
4300 0.359394 1.000000
4300 0.359455 1.000000
4300 0.359394 1.000000
4300 0.359394 1.000000
4300 0.359468 1.000000
4300 0.359473 1.000000
4300 0.359393 1.000000
4300 0.359393 1.000000
4300 0.359393 10.000000
4300 0.359391 10.000000
4300 0.359394 10.000000
4300 0.359393 10.000000
4300 0.359393 10.000000
4300 0.359394 10.000000
4300 0.359394 10.000000
4300 0.359393 10.000000
4300 0.359393 10.000000
4300 0.359394 10.000000
4300 0.359454 100.000000
4300 0.359393 100.000000
4300 0.390645 100.000000
4300 0.359394 100.000000
4300 0.359390 100.000000
4300 0.359393 100.000000
4300 0.359394 100.000000
4300 0.359393 100.000000
4300 0.359452 100.000000
4300 0.359393 100.000000
4300 0.359393 1000.000000
4300 0.359393 1000.000000
4300 0.359393 1000.000000
4300 0.359396 1000.000000
4300 0.359463 1000.000000
4300 0.359393 1000.000000
4300 0.359466 1000.000000
4300 0.359394 1000.000000
4300 0.359399 1000.000000
4300 0.359393 1000.000000
4300 0.234388 10000.000000
4300 0.250012 10000.000000
4300 0.359393 10000.000000
4300 0.234387 10000.000000
4300 0.250072 10000.000000
4300 0.234387 10000.000000
4300 0.234387 10000.000000
4300 0.234387 10000.000000
4300 0.234387 10000.000000
4300 0.234387 10000.000000
4300 0.234387 100000.000000
4300 0.234387 100000.000000
4300 0.250086 100000.000000
4300 0.234387 100000.000000
4300 0.250013 100000.000000
4300 0.234387 100000.000000
4300 0.234387 100000.000000
4300 0.234387 100000.000000
4300 0.234387 100000.000000
4300 0.234387 100000.000000
4300 0.250012 1000000.000000
4300 0.234387 1000000.000000
4300 0.234399 1000000.000000
4300 0.234387 1000000.000000
4300 0.234442 1000000.000000
4300 0.250013 1000000.000000
4300 0.234387 1000000.000000
4300 0.234387 1000000.000000
4300 0.250086 1000000.000000
4300 0.250013 1000000.000000
4400 0.375020 1.000000
4400 0.375019 1.000000
4400 0.375019 1.000000
4400 0.375017 1.000000
4400 0.375019 1.000000
4400 0.375019 1.000000
4400 0.375019 1.000000
4400 0.375020 1.000000
4400 0.375019 1.000000
4400 0.375019 1.000000
4400 0.375019 10.000000
4400 0.375020 10.000000
4400 0.375019 10.000000
4400 0.375016 10.000000
4400 0.375019 10.000000
4400 0.375019 10.000000
4400 0.375019 10.000000
4400 0.375075 10.000000
4400 0.375019 10.000000
4400 0.375020 10.000000
4400 0.375019 100.000000
4400 0.375075 100.000000
4400 0.375019 100.000000
4400 0.375019 100.000000
4400 0.375019 100.000000
4400 0.375018 100.000000
4400 0.375020 100.000000
4400 0.375022 100.000000
4400 0.375019 100.000000
4400 0.375020 100.000000
4400 0.375074 1000.000000
4400 0.375020 1000.000000
4400 0.375019 1000.000000
4400 0.375019 1000.000000
4400 0.375084 1000.000000
4400 0.375019 1000.000000
4400 0.375019 1000.000000
4400 0.375019 1000.000000
4400 0.375019 1000.000000
4400 0.375020 1000.000000
4400 0.250013 10000.000000
4400 0.250086 10000.000000
4400 0.250012 10000.000000
4400 0.250013 10000.000000
4400 0.250013 10000.000000
4400 0.250013 10000.000000
4400 0.250013 10000.000000
4400 0.250008 10000.000000
4400 0.250015 10000.000000
4400 0.234387 10000.000000
4400 0.250010 100000.000000
4400 0.234388 100000.000000
4400 0.250013 100000.000000
4400 0.250014 100000.000000
4400 0.250013 100000.000000
4400 0.250067 100000.000000
4400 0.250013 100000.000000
4400 0.234387 100000.000000
4400 0.234461 100000.000000
4400 0.250010 100000.000000
4400 0.250012 1000000.000000
4400 0.250015 1000000.000000
4400 0.250013 1000000.000000
4400 0.250010 1000000.000000
4400 0.250013 1000000.000000
4400 0.250012 1000000.000000
4400 0.250011 1000000.000000
4400 0.250014 1000000.000000
4400 0.250013 1000000.000000
4400 0.250013 1000000.000000
4500 0.390650 1.000000
4500 0.437519 1.000000
4500 0.390650 1.000000
4500 0.390640 1.000000
4500 0.390715 1.000000
4500 0.390647 1.000000
4500 0.390645 1.000000
4500 0.390645 1.000000
4500 0.390648 1.000000
4500 0.390648 1.000000
4500 0.390645 10.000000
4500 0.406271 10.000000
4500 0.390645 10.000000
4500 0.390721 10.000000
4500 0.390645 10.000000
4500 0.406271 10.000000
4500 0.390646 10.000000
4500 0.390646 10.000000
4500 0.390714 10.000000
4500 0.390645 10.000000
4500 0.390698 100.000000
4500 0.390646 100.000000
4500 0.390645 100.000000
4500 0.406270 100.000000
4500 0.390645 100.000000
4500 0.390723 100.000000
4500 0.390645 100.000000
4500 0.390707 100.000000
4500 0.390645 100.000000
4500 0.390647 100.000000
4500 0.390645 1000.000000
4500 0.406271 1000.000000
4500 0.390651 1000.000000
4500 0.390647 1000.000000
4500 0.390645 1000.000000
4500 0.406271 1000.000000
4500 0.390645 1000.000000
4500 0.390645 1000.000000
4500 0.406271 1000.000000
4500 0.390646 1000.000000
4500 0.250015 10000.000000
4500 0.250012 10000.000000
4500 0.250014 10000.000000
4500 0.265704 10000.000000
4500 0.265640 10000.000000
4500 0.250013 10000.000000
4500 0.265638 10000.000000
4500 0.250012 10000.000000
4500 0.265638 10000.000000
4500 0.250013 10000.000000
4500 0.265701 100000.000000
4500 0.265637 100000.000000
4500 0.250013 100000.000000
4500 0.265639 100000.000000
4500 0.265638 100000.000000
4500 0.390645 100000.000000
4500 0.250093 100000.000000
4500 0.250013 100000.000000
4500 0.250012 100000.000000
4500 0.250009 100000.000000
4500 0.265638 1000000.000000
4500 0.265639 1000000.000000
4500 0.265638 1000000.000000
4500 0.250012 1000000.000000
4500 0.250013 1000000.000000
4500 0.265639 1000000.000000
4500 0.265639 1000000.000000
4500 0.265638 1000000.000000
4500 0.265638 1000000.000000
4500 0.265638 1000000.000000
4600 0.421897 1.000000
4600 0.421891 1.000000
4600 0.421891 1.000000
4600 0.406271 1.000000
4600 0.406276 1.000000
4600 0.406270 1.000000
4600 0.406270 1.000000
4600 0.406271 1.000000
4600 0.421897 1.000000
4600 0.406271 1.000000
4600 0.437523 10.000000
4600 0.421946 10.000000
4600 0.421896 10.000000
4600 0.406271 10.000000
4600 0.406271 10.000000
4600 0.421896 10.000000
4600 0.406271 10.000000
4600 0.406273 10.000000
4600 0.421897 10.000000
4600 0.406270 10.000000
4600 0.421897 100.000000
4600 0.421891 100.000000
4600 0.406271 100.000000
4600 0.421897 100.000000
4600 0.406271 100.000000
4600 0.421897 100.000000
4600 0.406271 100.000000
4600 0.406332 100.000000
4600 0.406269 100.000000
4600 0.421897 100.000000
4600 0.437519 1000.000000
4600 0.406271 1000.000000
4600 0.421950 1000.000000
4600 0.421966 1000.000000
4600 0.406271 1000.000000
4600 0.421896 1000.000000
4600 0.406271 1000.000000
4600 0.406274 1000.000000
4600 0.406271 1000.000000
4600 0.406271 1000.000000
4600 0.406271 10000.000000
4600 0.281265 10000.000000
4600 0.265644 10000.000000
4600 0.265639 10000.000000
4600 0.421896 10000.000000
4600 0.281267 10000.000000
4600 0.265639 10000.000000
4600 0.265641 10000.000000
4600 0.265632 10000.000000
4600 0.265710 10000.000000
4600 0.265644 100000.000000
4600 0.265638 100000.000000
4600 0.265639 100000.000000
4600 0.281265 100000.000000
4600 0.265639 100000.000000
4600 0.281265 100000.000000
4600 0.265638 100000.000000
4600 0.265638 100000.000000
4600 0.265642 100000.000000
4600 0.281265 100000.000000
4600 0.265639 1000000.000000
4600 0.265643 1000000.000000
4600 0.281264 1000000.000000
4600 0.265639 1000000.000000
4600 0.281262 1000000.000000
4600 0.281264 1000000.000000
4600 0.281264 1000000.000000
4600 0.281265 1000000.000000
4600 0.265639 1000000.000000
4600 0.281330 1000000.000000
4700 0.421897 1.000000
4700 0.437522 1.000000
4700 0.437523 1.000000
4700 0.421897 1.000000
4700 0.421894 1.000000
4700 0.437593 1.000000
4700 0.421895 1.000000
4700 0.437566 1.000000
4700 0.437527 1.000000
4700 0.437522 1.000000
4700 0.421897 10.000000
4700 0.437586 10.000000
4700 0.421956 10.000000
4700 0.421895 10.000000
4700 0.421897 10.000000
4700 0.437522 10.000000
4700 0.437521 10.000000
4700 0.421896 10.000000
4700 0.421896 10.000000
4700 0.421897 10.000000
4700 0.421900 100.000000
4700 0.437522 100.000000
4700 0.421897 100.000000
4700 0.437523 100.000000
4700 0.437523 100.000000
4700 0.421896 100.000000
4700 0.421896 100.000000
4700 0.421896 100.000000
4700 0.421897 100.000000
4700 0.421897 100.000000
4700 0.437520 1000.000000
4700 0.421895 1000.000000
4700 0.437522 1000.000000
4700 0.437585 1000.000000
4700 0.421897 1000.000000
4700 0.437524 1000.000000
4700 0.421897 1000.000000
4700 0.437523 1000.000000
4700 0.468775 1000.000000
4700 0.421897 1000.000000
4700 0.281265 10000.000000
4700 0.281265 10000.000000
4700 0.281265 10000.000000
4700 0.421952 10000.000000
4700 0.281265 10000.000000
4700 0.281262 10000.000000
4700 0.281266 10000.000000
4700 0.281265 10000.000000
4700 0.281264 10000.000000
4700 0.281327 10000.000000
4700 0.281264 100000.000000
4700 0.281264 100000.000000
4700 0.281265 100000.000000
4700 0.281264 100000.000000
4700 0.281264 100000.000000
4700 0.281322 100000.000000
4700 0.281330 100000.000000
4700 0.281262 100000.000000
4700 0.281265 100000.000000
4700 0.281265 100000.000000
4700 0.296891 1000000.000000
4700 0.281263 1000000.000000
4700 0.296890 1000000.000000
4700 0.281264 1000000.000000
4700 0.281262 1000000.000000
4700 0.281265 1000000.000000
4700 0.281264 1000000.000000
4700 0.281264 1000000.000000
4700 0.281320 1000000.000000
4700 0.281264 1000000.000000
4800 0.453148 1.000000
4800 0.437523 1.000000
4800 0.437577 1.000000
4800 0.453214 1.000000
4800 0.453148 1.000000
4800 0.453147 1.000000
4800 0.453148 1.000000
4800 0.453148 1.000000
4800 0.453148 1.000000
4800 0.437583 1.000000
4800 0.437523 10.000000
4800 0.453223 10.000000
4800 0.453148 10.000000
4800 0.453148 10.000000
4800 0.453149 10.000000
4800 0.453148 10.000000
4800 0.453220 10.000000
4800 0.453148 10.000000
4800 0.453148 10.000000
4800 0.453148 10.000000
4800 0.453221 100.000000
4800 0.453149 100.000000
4800 0.453202 100.000000
4800 0.453214 100.000000
4800 0.453149 100.000000
4800 0.453148 100.000000
4800 0.453148 100.000000
4800 0.453148 100.000000
4800 0.453149 100.000000
4800 0.437524 100.000000
4800 0.437588 1000.000000
4800 0.437523 1000.000000
4800 0.453148 1000.000000
4800 0.453148 1000.000000
4800 0.453148 1000.000000
4800 0.453148 1000.000000
4800 0.437523 1000.000000
4800 0.453148 1000.000000
4800 0.437522 1000.000000
4800 0.437586 1000.000000
4800 0.437594 10000.000000
4800 0.296964 10000.000000
4800 0.296951 10000.000000
4800 0.296890 10000.000000
4800 0.296890 10000.000000
4800 0.296889 10000.000000
4800 0.281264 10000.000000
4800 0.281264 10000.000000
4800 0.453146 10000.000000
4800 0.296890 10000.000000
4800 0.296891 100000.000000
4800 0.296890 100000.000000
4800 0.296891 100000.000000
4800 0.296891 100000.000000
4800 0.296890 100000.000000
4800 0.296891 100000.000000
4800 0.296890 100000.000000
4800 0.296891 100000.000000
4800 0.296890 100000.000000
4800 0.296889 100000.000000
4800 0.296890 1000000.000000
4800 0.296890 1000000.000000
4800 0.296891 1000000.000000
4800 0.296890 1000000.000000
4800 0.312522 1000000.000000
4800 0.296890 1000000.000000
4800 0.296890 1000000.000000
4800 0.296892 1000000.000000
4800 0.296887 1000000.000000
4800 0.296891 1000000.000000
4900 0.468776 1.000000
4900 0.468845 1.000000
4900 0.468774 1.000000
4900 0.500030 1.000000
4900 0.468775 1.000000
4900 0.468774 1.000000
4900 0.468771 1.000000
4900 0.453148 1.000000
4900 0.453148 1.000000
4900 0.468836 1.000000
4900 0.468769 10.000000
4900 0.468774 10.000000
4900 0.453147 10.000000
4900 0.468774 10.000000
4900 0.468771 10.000000
4900 0.468834 10.000000
4900 0.468775 10.000000
4900 0.453148 10.000000
4900 0.468773 10.000000
4900 0.453148 10.000000
4900 0.468771 100.000000
4900 0.468774 100.000000
4900 0.468774 100.000000
4900 0.468774 100.000000
4900 0.468777 100.000000
4900 0.453221 100.000000
4900 0.468843 100.000000
4900 0.468775 100.000000
4900 0.484400 100.000000
4900 0.468829 100.000000
4900 0.468774 1000.000000
4900 0.453148 1000.000000
4900 0.453149 1000.000000
4900 0.468774 1000.000000
4900 0.453149 1000.000000
4900 0.468774 1000.000000
4900 0.468774 1000.000000
4900 0.468774 1000.000000
4900 0.468775 1000.000000
4900 0.468774 1000.000000
4900 0.312516 10000.000000
4900 0.312517 10000.000000
4900 0.312516 10000.000000
4900 0.468776 10000.000000
4900 0.296890 10000.000000
4900 0.312516 10000.000000
4900 0.296890 10000.000000
4900 0.296952 10000.000000
4900 0.468778 10000.000000
4900 0.312516 10000.000000
4900 0.328142 100000.000000
4900 0.312514 100000.000000
4900 0.296891 100000.000000
4900 0.296891 100000.000000
4900 0.296890 100000.000000
4900 0.312516 100000.000000
4900 0.312516 100000.000000
4900 0.312515 100000.000000
4900 0.312515 100000.000000
4900 0.296888 100000.000000
4900 0.312516 1000000.000000
4900 0.312516 1000000.000000
4900 0.312516 1000000.000000
4900 0.312517 1000000.000000
4900 0.312516 1000000.000000
4900 0.312516 1000000.000000
4900 0.312516 1000000.000000
4900 0.312516 1000000.000000
4900 0.312580 1000000.000000
4900 0.312516 1000000.000000
5000 0.484400 1.000000
5000 0.468846 1.000000
5000 0.484399 1.000000
5000 0.500026 1.000000
5000 0.468774 1.000000
5000 0.484398 1.000000
5000 0.484400 1.000000
5000 0.484459 1.000000
5000 0.484459 1.000000
5000 0.484396 1.000000
5000 0.484425 10.000000
5000 0.484400 10.000000
5000 0.484400 10.000000
5000 0.484463 10.000000
5000 0.484401 10.000000
5000 0.484400 10.000000
5000 0.484397 10.000000
5000 0.484400 10.000000
5000 0.484452 10.000000
5000 0.484400 10.000000
5000 0.484400 100.000000
5000 0.484401 100.000000
5000 0.484454 100.000000
5000 0.484400 100.000000
5000 0.484400 100.000000
5000 0.484400 100.000000
5000 0.484463 100.000000
5000 0.484400 100.000000
5000 0.468777 100.000000
5000 0.484399 100.000000
5000 0.484399 1000.000000
5000 0.484402 1000.000000
5000 0.484398 1000.000000
5000 0.484400 1000.000000
5000 0.500026 1000.000000
5000 0.484454 1000.000000
5000 0.484400 1000.000000
5000 0.484398 1000.000000
5000 0.484399 1000.000000
5000 0.484400 1000.000000
5000 0.312517 10000.000000
5000 0.328142 10000.000000
5000 0.484457 10000.000000
5000 0.312515 10000.000000
5000 0.312517 10000.000000
5000 0.328142 10000.000000
5000 0.312517 10000.000000
5000 0.312570 10000.000000
5000 0.312519 10000.000000
5000 0.484400 10000.000000
5000 0.328140 100000.000000
5000 0.312516 100000.000000
5000 0.312516 100000.000000
5000 0.312516 100000.000000
5000 0.328142 100000.000000
5000 0.328142 100000.000000
5000 0.312516 100000.000000
5000 0.312516 100000.000000
5000 0.328142 100000.000000
5000 0.328142 100000.000000
5000 0.312513 1000000.000000
5000 0.328142 1000000.000000
5000 0.328147 1000000.000000
5000 0.328141 1000000.000000
5000 0.328142 1000000.000000
5000 0.328141 1000000.000000
5000 0.328142 1000000.000000
5000 0.328142 1000000.000000
5000 0.328142 1000000.000000
5000 0.328142 1000000.000000
5100 0.515726 1.000000
5100 0.515651 1.000000
5100 0.515648 1.000000
5100 0.500026 1.000000
5100 0.500025 1.000000
5100 0.500028 1.000000
5100 0.500026 1.000000
5100 0.515651 1.000000
5100 0.500026 1.000000
5100 0.500079 1.000000
5100 0.500025 10.000000
5100 0.500026 10.000000
5100 0.500098 10.000000
5100 0.500026 10.000000
5100 0.515726 10.000000
5100 0.531334 10.000000
5100 0.500026 10.000000
5100 0.515645 10.000000
5100 0.500098 10.000000
5100 0.531271 10.000000
5100 0.500021 100.000000
5100 0.500026 100.000000
5100 0.500078 100.000000
5100 0.515652 100.000000
5100 0.500026 100.000000
5100 0.500026 100.000000
5100 0.500079 100.000000
5100 0.500025 100.000000
5100 0.500086 100.000000
5100 0.500025 100.000000
5100 0.500073 1000.000000
5100 0.515652 1000.000000
5100 0.500091 1000.000000
5100 0.546899 1000.000000
5100 0.500025 1000.000000
5100 0.500026 1000.000000
5100 0.515646 1000.000000
5100 0.515652 1000.000000
5100 0.515647 1000.000000
5100 0.546968 1000.000000
5100 0.328142 10000.000000
5100 0.343767 10000.000000
5100 0.328142 10000.000000
5100 0.328146 10000.000000
5100 0.328142 10000.000000
5100 0.328142 10000.000000
5100 0.328148 10000.000000
5100 0.546903 10000.000000
5100 0.328218 10000.000000
5100 0.343828 10000.000000
5100 0.343765 100000.000000
5100 0.328142 100000.000000
5100 0.343768 100000.000000
5100 0.328142 100000.000000
5100 0.328142 100000.000000
5100 0.328141 100000.000000
5100 0.343840 100000.000000
5100 0.343768 100000.000000
5100 0.321537 100000.000000
5100 0.343768 100000.000000
5100 0.328141 1000000.000000
5100 0.343769 1000000.000000
5100 0.328205 1000000.000000
5100 0.328142 1000000.000000
5100 0.343829 1000000.000000
5100 0.359394 1000000.000000
5100 0.343768 1000000.000000
5100 0.343768 1000000.000000
5100 0.343768 1000000.000000
5100 0.343768 1000000.000000
5200 0.531278 1.000000
5200 0.515652 1.000000
5200 0.515647 1.000000
5200 0.515711 1.000000
5200 0.531278 1.000000
5200 0.531277 1.000000
5200 0.515652 1.000000
5200 0.531280 1.000000
5200 0.531352 1.000000
5200 0.531344 1.000000
5200 0.531277 10.000000
5200 0.515722 10.000000
5200 0.515652 10.000000
5200 0.531277 10.000000
5200 0.515652 10.000000
5200 0.531277 10.000000
5200 0.515652 10.000000
5200 0.531277 10.000000
5200 0.515657 10.000000
5200 0.531277 10.000000
5200 0.531278 100.000000
5200 0.531277 100.000000
5200 0.531277 100.000000
5200 0.515652 100.000000
5200 0.515705 100.000000
5200 0.531277 100.000000
5200 0.531277 100.000000
5200 0.531277 100.000000
5200 0.562583 100.000000
5200 0.515651 100.000000
5200 0.515651 1000.000000
5200 0.515652 1000.000000
5200 0.515657 1000.000000
5200 0.531281 1000.000000
5200 0.531333 1000.000000
5200 0.531334 1000.000000
5200 0.531277 1000.000000
5200 0.515704 1000.000000
5200 0.515652 1000.000000
5200 0.531278 1000.000000
5200 0.343762 10000.000000
5200 0.343768 10000.000000
5200 0.343767 10000.000000
5200 0.375019 10000.000000
5200 0.328142 10000.000000
5200 0.343771 10000.000000
5200 0.343768 10000.000000
5200 0.343836 10000.000000
5200 0.515744 10000.000000
5200 0.343765 10000.000000
5200 0.343828 100000.000000
5200 0.359393 100000.000000
5200 0.343839 100000.000000
5200 0.343762 100000.000000
5200 0.343765 100000.000000
5200 0.343832 100000.000000
5200 0.343768 100000.000000
5200 0.343767 100000.000000
5200 0.343767 100000.000000
5200 0.343768 100000.000000
5200 0.343768 1000000.000000
5200 0.359394 1000000.000000
5200 0.343768 1000000.000000
5200 0.343771 1000000.000000
5200 0.359393 1000000.000000
5200 0.343767 1000000.000000
5200 0.343768 1000000.000000
5200 0.343821 1000000.000000
5200 0.343840 1000000.000000
5200 0.359393 1000000.000000
5300 0.531274 1.000000
5300 0.546968 1.000000
5300 0.546903 1.000000
5300 0.531331 1.000000
5300 0.562526 1.000000
5300 0.531277 1.000000
5300 0.546903 1.000000
5300 0.531276 1.000000
5300 0.546966 1.000000
5300 0.546902 1.000000
5300 0.531276 10.000000
5300 0.546908 10.000000
5300 0.546903 10.000000
5300 0.546900 10.000000
5300 0.531330 10.000000
5300 0.531337 10.000000
5300 0.546903 10.000000
5300 0.546901 10.000000
5300 0.546903 10.000000
5300 0.546903 10.000000
5300 0.546903 100.000000
5300 0.546904 100.000000
5300 0.546903 100.000000
5300 0.546906 100.000000
5300 0.546903 100.000000
5300 0.562531 100.000000
5300 0.531277 100.000000
5300 0.546977 100.000000
5300 0.531272 100.000000
5300 0.546903 100.000000
5300 0.546903 1000.000000
5300 0.546901 1000.000000
5300 0.546901 1000.000000
5300 0.546957 1000.000000
5300 0.546903 1000.000000
5300 0.546903 1000.000000
5300 0.531339 1000.000000
5300 0.546902 1000.000000
5300 0.531344 1000.000000
5300 0.546906 1000.000000
5300 0.546903 10000.000000
5300 0.546903 10000.000000
5300 0.546903 10000.000000
5300 0.359397 10000.000000
5300 0.359399 10000.000000
5300 0.359393 10000.000000
5300 0.359393 10000.000000
5300 0.531277 10000.000000
5300 0.359393 10000.000000
5300 0.343767 10000.000000
5300 0.359393 100000.000000
5300 0.359456 100000.000000
5300 0.359393 100000.000000
5300 0.359394 100000.000000
5300 0.359388 100000.000000
5300 0.359393 100000.000000
5300 0.343770 100000.000000
5300 0.359393 100000.000000
5300 0.359396 100000.000000
5300 0.359393 100000.000000
5300 0.375019 1000000.000000
5300 0.359396 1000000.000000
5300 0.359393 1000000.000000
5300 0.359496 1000000.000000
5300 0.359458 1000000.000000
5300 0.359392 1000000.000000
5300 0.359399 1000000.000000
5300 0.359393 1000000.000000
5300 0.359394 1000000.000000
5300 0.359395 1000000.000000
5400 0.562582 1.000000
5400 0.562528 1.000000
5400 0.562582 1.000000
5400 0.562596 1.000000
5400 0.562529 1.000000
5400 0.562529 1.000000
5400 0.562529 1.000000
5400 0.593854 1.000000
5400 0.562529 1.000000
5400 0.578155 1.000000
5400 0.609407 10.000000
5400 0.593780 10.000000
5400 0.609459 10.000000
5400 0.562529 10.000000
5400 0.562597 10.000000
5400 0.609408 10.000000
5400 0.640719 10.000000
5400 0.609406 10.000000
5400 0.562529 10.000000
5400 0.562593 10.000000
5400 0.609406 100.000000
5400 0.593831 100.000000
5400 0.609404 100.000000
5400 0.562529 100.000000
5400 0.562606 100.000000
5400 0.609407 100.000000
5400 0.593846 100.000000
5400 0.609406 100.000000
5400 0.562529 100.000000
5400 0.562528 100.000000
5400 0.609469 1000.000000
5400 0.593774 1000.000000
5400 0.609407 1000.000000
5400 0.562528 1000.000000
5400 0.562530 1000.000000
5400 0.609404 1000.000000
5400 0.593855 1000.000000
5400 0.593783 1000.000000
5400 0.562523 1000.000000
5400 0.578156 1000.000000
5400 0.390640 10000.000000
5400 0.406270 10000.000000
5400 0.609405 10000.000000
5400 0.375013 10000.000000
5400 0.359394 10000.000000
5400 0.390710 10000.000000
5400 0.390727 10000.000000
5400 0.390645 10000.000000
5400 0.375018 10000.000000
5400 0.359388 10000.000000
5400 0.406265 100000.000000
5400 0.390643 100000.000000
5400 0.390647 100000.000000
5400 0.375019 100000.000000
5400 0.375021 100000.000000
5400 0.406271 100000.000000
5400 0.406343 100000.000000
5400 0.406326 100000.000000
5400 0.375019 100000.000000
5400 0.375019 100000.000000
5400 0.390645 1000000.000000
5400 0.390645 1000000.000000
5400 0.406273 1000000.000000
5400 0.375118 1000000.000000
5400 0.390645 1000000.000000
5400 0.390645 1000000.000000
5400 0.406271 1000000.000000
5400 0.406271 1000000.000000
5400 0.390645 1000000.000000
5400 0.375019 1000000.000000
5500 0.578154 1.000000
5500 0.578202 1.000000
5500 0.593784 1.000000
5500 0.593778 1.000000
5500 0.578149 1.000000
5500 0.578155 1.000000
5500 0.578154 1.000000
5500 0.578155 1.000000
5500 0.593780 1.000000
5500 0.593780 1.000000
5500 0.578153 10.000000
5500 0.578156 10.000000
5500 0.593777 10.000000
5500 0.593774 10.000000
5500 0.593775 10.000000
5500 0.578215 10.000000
5500 0.578155 10.000000
5500 0.578154 10.000000
5500 0.578154 10.000000
5500 0.593780 10.000000
5500 0.578155 100.000000
5500 0.578155 100.000000
5500 0.593780 100.000000
5500 0.593781 100.000000
5500 0.593845 100.000000
5500 0.593780 100.000000
5500 0.593784 100.000000
5500 0.593844 100.000000
5500 0.593835 100.000000
5500 0.578154 100.000000
5500 0.578156 1000.000000
5500 0.578217 1000.000000
5500 0.593778 1000.000000
5500 0.578154 1000.000000
5500 0.578155 1000.000000
5500 0.625070 1000.000000
5500 0.578207 1000.000000
5500 0.593781 1000.000000
5500 0.578151 1000.000000
5500 0.593774 1000.000000
5500 0.390645 10000.000000
5500 0.593781 10000.000000
5500 0.390714 10000.000000
5500 0.390643 10000.000000
5500 0.375019 10000.000000
5500 0.593835 10000.000000
5500 0.375020 10000.000000
5500 0.375019 10000.000000
5500 0.593844 10000.000000
5500 0.593781 10000.000000
5500 0.390645 100000.000000
5500 0.375020 100000.000000
5500 0.390706 100000.000000
5500 0.390645 100000.000000
5500 0.375090 100000.000000
5500 0.390645 100000.000000
5500 0.390698 100000.000000
5500 0.390644 100000.000000
5500 0.390645 100000.000000
5500 0.390646 100000.000000
5500 0.390645 1000000.000000
5500 0.375087 1000000.000000
5500 0.390648 1000000.000000
5500 0.390645 1000000.000000
