3100 0.796909 1.000000
3100 0.796989 1.000000
3100 0.796916 1.000000
3100 0.828162 1.000000
3100 0.796916 1.000000
3100 0.796917 1.000000
3100 0.796979 1.000000
3100 0.796916 1.000000
3100 0.781292 1.000000
3100 0.796918 1.000000
3100 0.796918 10.000000
3100 0.796916 10.000000
3100 0.796973 10.000000
3100 0.781290 10.000000
3100 0.796990 10.000000
3100 0.796913 10.000000
3100 0.812543 10.000000
3100 0.796916 10.000000
3100 0.796984 10.000000
3100 0.906292 10.000000
3100 0.796916 100.000000
3100 0.796990 100.000000
3100 0.796916 100.000000
3100 0.734414 100.000000
3100 0.734416 100.000000
3100 0.796918 100.000000
3100 0.796916 100.000000
3100 0.734408 100.000000
3100 0.734415 100.000000
3100 0.796917 100.000000
3100 0.796916 1000.000000
3100 0.734412 1000.000000
3100 0.796913 1000.000000
3100 0.796916 1000.000000
3100 0.734410 1000.000000
3100 0.734485 1000.000000
3100 0.734467 1000.000000
3100 0.796916 1000.000000
3100 0.734414 1000.000000
3100 0.796970 1000.000000
3100 0.734413 10000.000000
3100 0.734489 10000.000000
3100 0.734412 10000.000000
3100 0.734413 10000.000000
3100 0.734413 10000.000000
3100 0.796916 10000.000000
3100 0.781291 10000.000000
3100 0.828221 10000.000000
3100 0.734413 10000.000000
3100 0.796915 10000.000000
3100 0.796915 100000.000000
3100 0.687534 100000.000000
3100 0.796986 100000.000000
3100 0.734482 100000.000000
3100 0.750038 100000.000000
3100 0.765664 100000.000000
3100 0.671909 100000.000000
3100 0.734412 100000.000000
3100 0.812544 100000.000000
3100 0.734486 100000.000000
3100 0.750038 1000000.000000
3100 0.750040 1000000.000000
3100 0.765663 1000000.000000
3100 0.750038 1000000.000000
3100 0.812540 1000000.000000
3100 0.671910 1000000.000000
3100 0.812615 1000000.000000
3100 0.750037 1000000.000000
3100 0.671905 1000000.000000
3100 0.812603 1000000.000000
3200 0.859414 1.000000
3200 0.859419 1.000000
3200 0.859418 1.000000
3200 0.843795 1.000000
3200 0.843789 1.000000
3200 0.859472 1.000000
3200 0.843850 1.000000
3200 0.843793 1.000000
3200 0.859419 1.000000
3200 0.859419 1.000000
3200 0.859420 10.000000
3200 0.843856 10.000000
3200 0.859476 10.000000
3200 0.921927 10.000000
3200 0.843848 10.000000
3200 0.859474 10.000000
3200 0.843848 10.000000
3200 0.843893 10.000000
3200 0.843793 10.000000
3200 0.843851 10.000000
3200 0.796911 100.000000
3200 0.781290 100.000000
3200 0.859419 100.000000
3200 0.781290 100.000000
3200 0.781290 100.000000
3200 0.843847 100.000000
3200 0.781294 100.000000
3200 0.859418 100.000000
3200 0.859419 100.000000
3200 0.859425 100.000000
3200 0.859468 1000.000000
3200 0.781344 1000.000000
3200 0.843858 1000.000000
3200 0.796916 1000.000000
3200 0.859419 1000.000000
3200 0.781344 1000.000000
3200 0.796917 1000.000000
3200 0.781290 1000.000000
3200 0.796991 1000.000000
3200 0.781360 1000.000000
3200 0.781290 10000.000000
3200 0.953168 10000.000000
3200 0.781290 10000.000000
3200 0.859417 10000.000000
3200 0.781290 10000.000000
3200 0.843797 10000.000000
3200 0.781365 10000.000000
3200 0.796919 10000.000000
3200 0.796913 10000.000000
3200 0.859413 10000.000000
3200 0.781290 100000.000000
3200 0.859422 100000.000000
3200 0.859490 100000.000000
3200 0.796916 100000.000000
3200 0.859473 100000.000000
3200 0.796986 100000.000000
3200 0.796916 100000.000000
3200 0.718784 100000.000000
3200 0.734412 100000.000000
3200 0.796915 100000.000000
3200 0.796916 1000000.000000
3200 0.796916 1000000.000000
3200 0.875044 1000000.000000
3200 0.734411 1000000.000000
3200 0.812539 1000000.000000
3200 0.796973 1000000.000000
3200 0.875098 1000000.000000
3200 0.796912 1000000.000000
3200 0.859419 1000000.000000
3200 0.812542 1000000.000000
3300 0.906297 1.000000
3300 0.906295 1.000000
3300 0.921922 1.000000
3300 0.921981 1.000000
3300 0.906366 1.000000
3300 0.906298 1.000000
3300 0.921922 1.000000
3300 0.906293 1.000000
3300 0.921923 1.000000
3300 0.921918 1.000000
3300 0.906373 10.000000
3300 0.968796 10.000000
3300 0.906297 10.000000
3300 0.906297 10.000000
3300 0.921996 10.000000
3300 0.906296 10.000000
3300 0.921920 10.000000
3300 0.921995 10.000000
3300 0.921926 10.000000
3300 0.906351 10.000000
3300 0.921976 100.000000
3300 0.921922 100.000000
3300 0.921922 100.000000
3300 0.921920 100.000000
3300 0.843796 100.000000
3300 0.906296 100.000000
3300 0.843789 100.000000
3300 0.906369 100.000000
3300 0.906298 100.000000
3300 0.843791 100.000000
3300 0.906290 1000.000000
3300 0.921918 1000.000000
3300 0.828165 1000.000000
3300 0.843790 1000.000000
3300 0.921922 1000.000000
3300 0.843791 1000.000000
3300 0.906385 1000.000000
3300 0.843863 1000.000000
3300 0.843794 1000.000000
3300 0.906297 1000.000000
3300 0.781291 10000.000000
3300 0.843794 10000.000000
3300 0.843793 10000.000000
3300 0.953767 10000.000000
3300 0.906290 10000.000000
3300 0.843871 10000.000000
3300 0.843793 10000.000000
3300 0.921923 10000.000000
3300 0.906355 10000.000000
3300 0.765739 10000.000000
3300 0.640658 100000.000000
3300 0.781290 100000.000000
3300 0.781353 100000.000000
3300 0.781293 100000.000000
3300 0.859413 100000.000000
3300 0.843790 100000.000000
3300 0.843793 100000.000000
3300 0.859492 100000.000000
3300 0.843859 100000.000000
3300 0.781290 100000.000000
3300 0.890759 1000000.000000
3300 0.859473 1000000.000000
3300 0.875105 1000000.000000
3300 0.937549 1000000.000000
3300 0.937542 1000000.000000
3300 0.781288 1000000.000000
3300 0.937608 1000000.000000
3300 0.937548 1000000.000000
3300 0.843789 1000000.000000
3300 0.859475 1000000.000000
3400 1.000051 1.000000
3400 0.984425 1.000000
3400 0.984422 1.000000
3400 0.968865 1.000000
3400 0.968800 1.000000
3400 0.968796 1.000000
3400 0.968850 1.000000
3400 0.984425 1.000000
3400 0.968800 1.000000
3400 0.984490 1.000000
3400 0.984423 10.000000
3400 0.968871 10.000000
3400 0.968853 10.000000
3400 0.968800 10.000000
3400 0.968805 10.000000
3400 0.968800 10.000000
3400 0.984488 10.000000
3400 0.968864 10.000000
3400 0.968861 10.000000
3400 0.984425 10.000000
3400 0.984428 100.000000
3400 0.906351 100.000000
3400 0.984486 100.000000
3400 0.968795 100.000000
3400 0.968864 100.000000
3400 0.968800 100.000000
3400 0.890743 100.000000
3400 0.968861 100.000000
3400 0.968799 100.000000
3400 0.968801 100.000000
3400 0.906299 1000.000000
3400 0.984426 1000.000000
3400 0.890735 1000.000000
3400 0.906300 1000.000000
3400 0.906297 1000.000000
3400 0.890670 1000.000000
3400 0.906350 1000.000000
3400 0.906369 1000.000000
3400 0.890671 1000.000000
3400 0.906350 1000.000000
3400 0.984425 10000.000000
3400 0.890671 10000.000000
3400 0.906301 10000.000000
3400 0.906297 10000.000000
3400 0.968799 10000.000000
3400 0.828231 10000.000000
3400 0.906356 10000.000000
3400 0.890670 10000.000000
3400 0.984419 10000.000000
3400 0.906290 10000.000000
3400 0.968794 100000.000000
3400 0.906353 100000.000000
3400 0.968854 100000.000000
3400 0.984492 100000.000000
3400 0.921920 100000.000000
3400 0.906296 100000.000000
3400 0.906364 100000.000000
3400 0.828215 100000.000000
3400 0.984424 100000.000000
3400 0.906371 100000.000000
3400 0.921922 1000000.000000
3400 1.000106 1000000.000000
3400 1.000052 1000000.000000
3400 0.906361 1000000.000000
3400 0.984492 1000000.000000
3400 0.765727 1000000.000000
3400 0.906351 1000000.000000
3400 0.921922 1000000.000000
3400 0.906298 1000000.000000
3400 0.921922 1000000.000000
3500 1.046926 1.000000
3500 1.031367 1.000000
3500 1.031303 1.000000
3500 1.031364 1.000000
3500 1.031376 1.000000
3500 1.031351 1.000000
3500 1.031303 1.000000
3500 1.031306 1.000000
3500 1.031306 1.000000
3500 1.031374 1.000000
3500 1.046985 10.000000
3500 1.046981 10.000000
3500 1.031352 10.000000
3500 1.046989 10.000000
3500 1.031297 10.000000
3500 1.046929 10.000000
3500 1.031362 10.000000
3500 1.046923 10.000000
3500 1.031306 10.000000
3500 1.046993 10.000000
3500 1.031303 100.000000
3500 1.031367 100.000000
3500 0.953172 100.000000
3500 1.031303 100.000000
3500 1.046983 100.000000
3500 1.031305 100.000000
3500 0.953231 100.000000
3500 1.031357 100.000000
3500 1.046930 100.000000
3500 0.962189 100.000000
3500 0.984493 1000.000000
3500 0.968794 1000.000000
3500 0.968795 1000.000000
3500 1.031303 1000.000000
3500 0.953174 1000.000000
3500 0.953174 1000.000000
3500 0.953174 1000.000000
3500 0.953238 1000.000000
3500 0.953229 1000.000000
3500 0.953175 1000.000000
3500 1.046983 10000.000000
3500 1.046928 10000.000000
3500 0.968800 10000.000000
3500 1.031359 10000.000000
3500 1.031353 10000.000000
3500 1.031303 10000.000000
3500 1.027199 10000.000000
3500 0.953235 10000.000000
3500 1.031302 10000.000000
3500 0.953174 10000.000000
3500 0.875045 100000.000000
3500 0.968801 100000.000000
3500 0.968865 100000.000000
3500 0.968854 100000.000000
3500 0.968798 100000.000000
3500 0.968870 100000.000000
3500 1.046982 100000.000000
3500 0.968843 100000.000000
3500 0.890724 100000.000000
3500 0.953227 100000.000000
3500 0.968800 1000000.000000
3500 1.062628 1000000.000000
3500 0.984477 1000000.000000
3500 0.984477 1000000.000000
3500 0.812596 1000000.000000
3500 0.984426 1000000.000000
3500 0.984426 1000000.000000
3500 1.046998 1000000.000000
3500 1.046992 1000000.000000
3500 0.968799 1000000.000000
3600 1.109482 1.000000
3600 1.093801 1.000000
3600 1.109429 1.000000
3600 1.109433 1.000000
3600 1.093871 1.000000
3600 1.093880 1.000000
3600 1.109499 1.000000
3600 1.093873 1.000000
3600 1.093807 1.000000
3600 1.109502 1.000000
3600 1.093865 10.000000
3600 1.093879 10.000000
3600 1.093806 10.000000
3600 1.109504 10.000000
3600 1.093867 10.000000
3600 1.109432 10.000000
3600 1.109430 10.000000
3600 1.093859 10.000000
3600 1.093861 10.000000
3600 1.109426 10.000000
3600 1.109438 100.000000
3600 1.015677 100.000000
3600 1.031303 100.000000
3600 1.093861 100.000000
3600 1.109426 100.000000
3600 1.109470 100.000000
3600 1.109435 100.000000
3600 1.109432 100.000000
3600 1.109436 100.000000
3600 1.031313 100.000000
3600 1.015677 1000.000000
3600 1.015754 1000.000000
3600 1.015677 1000.000000
3600 1.015679 1000.000000
3600 1.015683 1000.000000
3600 1.015678 1000.000000
3600 1.015750 1000.000000
3600 1.015729 1000.000000
3600 1.015675 1000.000000
3600 1.015751 1000.000000
3600 1.015746 10000.000000
3600 1.015671 10000.000000
3600 1.015750 10000.000000
3600 1.015680 10000.000000
3600 1.109435 10000.000000
3600 1.015729 10000.000000
3600 1.015678 10000.000000
3600 1.109487 10000.000000
3600 1.109436 10000.000000
3600 1.015677 10000.000000
3600 1.109430 100000.000000
3600 1.109494 100000.000000
3600 1.015677 100000.000000
3600 1.031303 100000.000000
3600 1.109432 100000.000000
3600 1.015743 100000.000000
3600 1.031300 100000.000000
3600 1.013574 100000.000000
3600 1.031371 100000.000000
3600 1.015752 100000.000000
3600 1.046933 1000000.000000
3600 1.140682 1000000.000000
3600 1.046928 1000000.000000
3600 0.953244 1000000.000000
3600 1.031303 1000000.000000
3600 1.125116 1000000.000000
3600 1.125115 1000000.000000
3600 1.046930 1000000.000000
3600 1.046928 1000000.000000
3600 1.031303 1000000.000000
3700 1.172009 1.000000
3700 1.171935 1.000000
3700 1.171933 1.000000
3700 1.156363 1.000000
3700 1.172006 1.000000
3700 1.172012 1.000000
3700 1.172010 1.000000
3700 1.171936 1.000000
3700 1.172007 1.000000
3700 1.172009 1.000000
3700 1.171935 10.000000
3700 1.171935 10.000000
3700 1.171935 10.000000
3700 1.171933 10.000000
3700 1.171942 10.000000
3700 1.171935 10.000000
3700 1.171935 10.000000
3700 1.171935 10.000000
3700 1.172004 10.000000
3700 1.156310 10.000000
3700 1.171989 100.000000
3700 1.171935 100.000000
3700 1.171936 100.000000
3700 1.172008 100.000000
3700 1.171993 100.000000
3700 1.171933 100.000000
3700 1.093883 100.000000
3700 1.187558 100.000000
3700 1.078181 100.000000
3700 1.171934 100.000000
3700 1.156359 1000.000000
3700 1.156386 1000.000000
3700 1.078241 1000.000000
3700 1.078254 1000.000000
3700 1.062555 1000.000000
3700 1.171929 1000.000000
3700 1.078181 1000.000000
3700 1.062627 1000.000000
3700 1.078180 1000.000000
3700 1.078253 1000.000000
3700 1.187558 10000.000000
3700 1.171989 10000.000000
3700 1.171987 10000.000000
3700 1.172008 10000.000000
3700 1.078237 10000.000000
3700 1.156310 10000.000000
3700 1.078179 10000.000000
3700 1.078247 10000.000000
3700 1.093872 10000.000000
3700 1.078181 10000.000000
3700 1.187631 100000.000000
3700 1.187637 100000.000000
3700 1.078234 100000.000000
3700 1.187635 100000.000000
3700 1.172000 100000.000000
3700 0.906368 100000.000000
3700 1.187561 100000.000000
3700 1.187559 100000.000000
3700 1.078177 100000.000000
3700 1.078181 100000.000000
3700 1.093859 1000000.000000
3700 1.093855 1000000.000000
3700 1.109486 1000000.000000
3700 1.109431 1000000.000000
3700 1.093812 1000000.000000
3700 1.093806 1000000.000000
3700 1.109498 1000000.000000
3700 1.015732 1000000.000000
3700 1.187627 1000000.000000
3700 1.109432 1000000.000000
3800 1.234508 1.000000
3800 1.218812 1.000000
3800 1.218811 1.000000
3800 1.250064 1.000000
3800 1.234509 1.000000
3800 1.234514 1.000000
3800 1.234439 1.000000
3800 1.234516 1.000000
3800 1.234502 1.000000
3800 1.234508 1.000000
3800 1.234436 10.000000
3800 1.234446 10.000000
3800 1.234507 10.000000
3800 1.234509 10.000000
3800 1.234512 10.000000
3800 1.234503 10.000000
3800 1.234507 10.000000
3800 1.234511 10.000000
3800 1.234501 10.000000
3800 1.234438 10.000000
3800 1.140748 100.000000
3800 1.140683 100.000000
3800 1.140682 100.000000
3800 1.234497 100.000000
3800 1.218877 100.000000
3800 1.234497 100.000000
3800 1.234441 100.000000
3800 1.234439 100.000000
3800 1.234438 100.000000
3800 1.234504 100.000000
3800 1.125122 1000.000000
3800 1.234438 1000.000000
3800 1.140739 1000.000000
3800 1.234497 1000.000000
3800 1.125060 1000.000000
3800 1.234492 1000.000000
3800 1.234502 1000.000000
3800 1.140684 1000.000000
3800 1.140684 1000.000000
3800 1.140683 1000.000000
3800 1.234439 10000.000000
3800 1.140683 10000.000000
3800 1.140739 10000.000000
3800 1.140755 10000.000000
3800 1.046984 10000.000000
3800 1.140684 10000.000000
3800 1.046929 10000.000000
3800 1.140754 10000.000000
3800 1.140754 10000.000000
3800 1.140769 10000.000000
3800 1.156306 100000.000000
3800 0.953180 100000.000000
3800 1.140689 100000.000000
3800 1.234438 100000.000000
3800 1.140685 100000.000000
3800 1.140758 100000.000000
3800 1.171935 100000.000000
3800 1.187623 100000.000000
3800 1.156364 100000.000000
3800 1.140686 100000.000000
3800 1.265690 1000000.000000
3800 1.156372 1000000.000000
3800 1.156309 1000000.000000
3800 1.062632 1000000.000000
3800 1.172010 1000000.000000
3800 1.171941 1000000.000000
3800 1.172070 1000000.000000
3800 1.171938 1000000.000000
3800 1.171933 1000000.000000
3800 1.156385 1000000.000000
3900 1.312712 1.000000
3900 1.312568 1.000000
3900 1.312633 1.000000
3900 1.296941 1.000000
3900 1.297015 1.000000
3900 1.312571 1.000000
3900 1.297017 1.000000
3900 1.312565 1.000000
3900 1.296997 1.000000
3900 1.297005 1.000000
3900 1.296998 10.000000
3900 1.296942 10.000000
3900 1.297014 10.000000
3900 1.296994 10.000000
3900 1.297013 10.000000
3900 1.297007 10.000000
3900 1.312568 10.000000
3900 1.297003 10.000000
3900 1.296994 10.000000
3900 1.375068 10.000000
3900 1.296945 100.000000
3900 1.312638 100.000000
3900 1.203184 100.000000
3900 1.296940 100.000000
3900 1.203261 100.000000
3900 1.312568 100.000000
3900 1.203187 100.000000
3900 1.297004 100.000000
3900 1.312565 100.000000
3900 1.312636 100.000000
3900 1.312568 1000.000000
3900 1.203187 1000.000000
3900 1.218812 1000.000000
3900 1.312567 1000.000000
3900 1.296938 1000.000000
3900 1.203184 1000.000000
3900 1.203248 1000.000000
3900 1.203183 1000.000000
3900 1.296997 1000.000000
3900 1.203181 1000.000000
3900 1.203259 10000.000000
3900 1.093807 10000.000000
3900 1.203187 10000.000000
3900 1.203258 10000.000000
3900 1.187560 10000.000000
3900 1.203250 10000.000000
3900 1.125122 10000.000000
3900 1.203187 10000.000000
3900 1.203259 10000.000000
3900 1.296997 10000.000000
3900 1.312628 100000.000000
3900 1.203189 100000.000000
3900 1.218882 100000.000000
3900 1.218885 100000.000000
3900 1.218812 100000.000000
3900 1.328269 100000.000000
3900 1.109510 100000.000000
3900 1.218888 100000.000000
3900 1.312567 100000.000000
3900 1.218885 100000.000000
3900 1.234517 1000000.000000
3900 1.031303 1000000.000000
3900 1.234438 1000000.000000
3900 1.218815 1000000.000000
3900 1.234509 1000000.000000
3900 1.328196 1000000.000000
3900 1.218817 1000000.000000
3900 1.234436 1000000.000000
3900 1.234510 1000000.000000
3900 1.234432 1000000.000000
4000 1.375146 1.000000
4000 1.375134 1.000000
4000 1.375076 1.000000
4000 1.375139 1.000000
4000 1.375071 1.000000
4000 1.375139 1.000000
4000 1.375211 1.000000
4000 1.375065 1.000000
4000 1.375145 1.000000
4000 1.375070 1.000000
4000 1.375071 10.000000
4000 1.375131 10.000000
4000 1.375076 10.000000
4000 1.375124 10.000000
4000 1.390763 10.000000
4000 1.359496 10.000000
4000 1.375146 10.000000
4000 1.375134 10.000000
4000 1.375143 10.000000
4000 1.359445 10.000000
4000 1.421943 100.000000
4000 1.375139 100.000000
4000 1.265757 100.000000
4000 1.375066 100.000000
4000 1.359518 100.000000
4000 1.359512 100.000000
4000 1.375071 100.000000
4000 1.375073 100.000000
4000 1.375143 100.000000
4000 1.265763 100.000000
4000 1.265686 1000.000000
4000 1.265690 1000.000000
4000 1.265751 1000.000000
4000 1.265765 1000.000000
4000 1.265690 1000.000000
4000 1.265690 1000.000000
4000 1.359518 1000.000000
4000 1.421948 1000.000000
4000 1.375070 1000.000000
4000 1.265695 1000.000000
4000 1.375073 10000.000000
4000 1.265743 10000.000000
4000 1.265687 10000.000000
4000 1.265690 10000.000000
4000 1.265692 10000.000000
4000 1.375128 10000.000000
4000 1.375070 10000.000000
4000 1.265690 10000.000000
4000 1.265742 10000.000000
4000 1.281313 10000.000000
4000 1.297012 100000.000000
4000 1.281324 100000.000000
4000 1.281369 100000.000000
4000 1.281313 100000.000000
4000 1.172003 100000.000000
4000 1.289409 100000.000000
4000 1.171937 100000.000000
4000 1.281317 100000.000000
4000 1.281314 100000.000000
4000 1.281387 100000.000000
4000 1.297003 1000000.000000
4000 1.078177 1000000.000000
4000 1.296938 1000000.000000
4000 1.296942 1000000.000000
4000 1.406316 1000000.000000
4000 1.297013 1000000.000000
4000 1.078239 1000000.000000
4000 1.296942 1000000.000000
4000 1.406373 1000000.000000
4000 1.187638 1000000.000000
4100 1.437632 1.000000
4100 1.593908 1.000000
4100 1.453197 1.000000
4100 1.437574 1.000000
4100 1.453194 1.000000
4100 1.437633 1.000000
4100 1.453257 1.000000
4100 1.453277 1.000000
4100 1.453199 1.000000
4100 1.437574 1.000000
4100 1.437576 10.000000
4100 1.453278 10.000000
4100 1.453270 10.000000
4100 1.437651 10.000000
4100 1.437574 10.000000
4100 1.453248 10.000000
4100 1.437631 10.000000
4100 1.453259 10.000000
4100 1.453202 10.000000
4100 1.453200 10.000000
4100 1.453254 100.000000
4100 1.437647 100.000000
4100 1.438109 100.000000
4100 1.328246 100.000000
4100 1.437576 100.000000
4100 1.437572 100.000000
4100 1.437628 100.000000
4100 1.328262 100.000000
4100 1.453274 100.000000
4100 1.437574 100.000000
4100 1.328193 1000.000000
4100 1.328191 1000.000000
4100 1.328192 1000.000000
4100 1.328188 1000.000000
4100 1.328196 1000.000000
4100 1.328193 1000.000000
4100 1.343819 1000.000000
4100 1.328188 1000.000000
4100 1.328248 1000.000000
4100 1.328191 1000.000000
4100 1.328253 10000.000000
4100 1.328268 10000.000000
4100 1.328265 10000.000000
4100 1.218810 10000.000000
4100 1.343821 10000.000000
4100 1.343875 10000.000000
4100 1.515760 10000.000000
4100 1.218813 10000.000000
4100 1.437628 10000.000000
4100 1.343814 10000.000000
4100 1.453274 100000.000000
4100 1.343819 100000.000000
4100 1.234439 100000.000000
4100 1.343891 100000.000000
4100 1.234439 100000.000000
4100 1.453271 100000.000000
4100 1.453200 100000.000000
4100 1.453197 100000.000000
4100 1.343876 100000.000000
4100 1.453194 100000.000000
4100 1.359449 1000000.000000
4100 1.234516 1000000.000000
4100 1.359445 1000000.000000
4100 1.375130 1000000.000000
4100 1.484448 1000000.000000
4100 1.359521 1000000.000000
4100 1.359519 1000000.000000
4100 1.359514 1000000.000000
4100 1.359499 1000000.000000
4100 1.468897 1000000.000000
4200 1.515777 1.000000
4200 1.515699 1.000000
4200 1.515757 1.000000
4200 1.515771 1.000000
4200 1.515697 1.000000
4200 1.515781 1.000000
4200 1.531383 1.000000
4200 1.515770 1.000000
4200 1.515772 1.000000
4200 1.515779 1.000000
4200 1.515769 10.000000
4200 1.515767 10.000000
4200 1.562660 10.000000
4200 1.515700 10.000000
4200 1.515780 10.000000
4200 1.515768 10.000000
4200 1.515765 10.000000
4200 1.531332 10.000000
4200 1.531386 10.000000
4200 1.515759 10.000000
4200 1.531383 100.000000
4200 1.515777 100.000000
4200 1.515771 100.000000
4200 1.515700 100.000000
4200 1.515777 100.000000
4200 1.500132 100.000000
4200 1.515756 100.000000
4200 1.515756 100.000000
4200 1.515779 100.000000
4200 1.406388 100.000000
4200 1.390697 1000.000000
4200 1.468877 1000.000000
4200 1.390696 1000.000000
4200 1.515774 1000.000000
4200 1.406375 1000.000000
4200 1.515770 1000.000000
4200 1.406387 1000.000000
4200 1.406326 1000.000000
4200 1.406374 1000.000000
4200 1.390696 1000.000000
4200 1.406383 10000.000000
4200 1.406376 10000.000000
4200 1.390696 10000.000000
4200 1.406376 10000.000000
4200 1.390750 10000.000000
4200 1.531382 10000.000000
4200 1.515703 10000.000000
4200 1.390694 10000.000000
4200 1.281321 10000.000000
4200 1.515753 10000.000000
4200 1.406322 100000.000000
4200 1.406320 100000.000000
4200 1.406375 100000.000000
4200 1.406322 100000.000000
4200 1.296941 100000.000000
4200 1.422015 100000.000000
4200 1.406395 100000.000000
4200 1.546953 100000.000000
4200 1.187626 100000.000000
4200 1.531329 100000.000000
4200 1.546954 1000000.000000
4200 1.421948 1000000.000000
4200 1.437574 1000000.000000
4200 1.422004 1000000.000000
4200 1.581554 1000000.000000
4200 1.421943 1000000.000000
4200 1.453201 1000000.000000
4200 1.437639 1000000.000000
4200 1.562656 1000000.000000
4200 1.437574 1000000.000000
4300 1.593887 1.000000
4300 1.593832 1.000000
4300 1.593831 1.000000
4300 1.593838 1.000000
4300 1.593888 1.000000
4300 1.593896 1.000000
4300 1.593835 1.000000
4300 1.593831 1.000000
4300 1.578283 1.000000
4300 1.593887 1.000000
4300 1.593894 10.000000
4300 1.593903 10.000000
4300 1.593896 10.000000
4300 1.593832 10.000000
4300 1.578283 10.000000
4300 1.578275 10.000000
4300 1.593885 10.000000
4300 1.593901 10.000000
4300 1.578277 10.000000
4300 1.593902 10.000000
4300 1.468827 100.000000
4300 1.593832 100.000000
4300 1.812655 100.000000
4300 1.484450 100.000000
4300 1.593899 100.000000
4300 1.593921 100.000000
4300 1.593904 100.000000
4300 1.593894 100.000000
4300 1.468825 100.000000
4300 1.593900 100.000000
4300 1.468885 1000.000000
4300 1.468900 1000.000000
4300 1.593911 1000.000000
4300 1.453273 1000.000000
4300 1.468873 1000.000000
4300 1.468891 1000.000000
4300 1.468823 1000.000000
4300 1.468897 1000.000000
4300 1.593893 1000.000000
4300 1.468887 1000.000000
4300 1.468890 10000.000000
4300 1.468829 10000.000000
4300 1.468897 10000.000000
4300 1.484456 10000.000000
4300 1.531328 10000.000000
4300 1.468826 10000.000000
4300 1.468883 10000.000000
4300 1.468900 10000.000000
4300 1.468878 10000.000000
4300 1.593907 10000.000000
4300 1.593827 100000.000000
4300 1.484513 100000.000000
4300 1.343819 100000.000000
4300 1.234495 100000.000000
4300 1.484505 100000.000000
4300 1.484452 100000.000000
4300 1.484504 100000.000000
4300 1.484512 100000.000000
4300 1.484517 100000.000000
4300 1.593904 100000.000000
4300 1.625156 1000000.000000
4300 1.500172 1000000.000000
4300 1.640771 1000000.000000
4300 1.640778 1000000.000000
4300 1.500075 1000000.000000
4300 1.500141 1000000.000000
4300 1.125061 1000000.000000
4300 1.500138 1000000.000000
4300 1.375072 1000000.000000
4300 1.625138 1000000.000000
4400 1.672031 1.000000
4400 1.672028 1.000000
4400 1.656389 1.000000
4400 1.672027 1.000000
4400 1.672015 1.000000
4400 1.672012 1.000000
4400 1.656389 1.000000
4400 1.656333 1.000000
4400 1.672036 1.000000
4400 1.672028 1.000000
4400 1.672021 10.000000
4400 1.671960 10.000000
4400 1.672032 10.000000
4400 1.671966 10.000000
4400 1.672027 10.000000
4400 1.656400 10.000000
4400 1.672027 10.000000
4400 1.671955 10.000000
4400 1.672023 10.000000
4400 1.656387 10.000000
4400 1.531399 100.000000
4400 1.671956 100.000000
4400 1.672016 100.000000
4400 1.672016 100.000000
4400 1.671960 100.000000
4400 1.672031 100.000000
4400 1.656332 100.000000
4400 1.672018 100.000000
4400 1.593882 100.000000
4400 1.531389 100.000000
4400 1.531323 1000.000000
4400 1.547024 1000.000000
4400 1.531397 1000.000000
4400 1.531395 1000.000000
4400 1.531331 1000.000000
4400 1.625137 1000.000000
4400 1.531375 1000.000000
4400 1.547012 1000.000000
4400 1.656409 1000.000000
4400 1.546952 1000.000000
4400 1.531334 10000.000000
4400 1.531329 10000.000000
4400 1.546953 10000.000000
4400 1.531383 10000.000000
4400 1.406319 10000.000000
4400 1.531383 10000.000000
4400 1.531329 10000.000000
4400 1.531397 10000.000000
4400 1.531392 10000.000000
4400 1.547028 10000.000000
4400 1.422020 100000.000000
4400 1.562657 100000.000000
4400 1.547030 100000.000000
4400 1.687655 100000.000000
4400 1.687650 100000.000000
4400 1.421949 100000.000000
4400 1.562656 100000.000000
4400 1.562644 100000.000000
4400 1.687586 100000.000000
4400 1.562578 100000.000000
4400 1.578281 1000000.000000
4400 1.562635 1000000.000000
4400 1.578257 1000000.000000
4400 1.578251 1000000.000000
4400 1.453270 1000000.000000
4400 1.562653 1000000.000000
4400 1.312568 1000000.000000
4400 1.437573 1000000.000000
4400 1.578259 1000000.000000
4400 1.578283 1000000.000000
4500 1.734539 1.000000
4500 1.765722 1.000000
4500 1.750164 1.000000
4500 1.750166 1.000000
4500 1.750093 1.000000
4500 1.750144 1.000000
4500 1.750157 1.000000
4500 1.734535 1.000000
4500 1.765796 1.000000
4500 1.750162 1.000000
4500 1.734518 10.000000
4500 1.734519 10.000000
4500 1.750088 10.000000
4500 1.750089 10.000000
4500 1.750164 10.000000
4500 1.734458 10.000000
4500 1.750158 10.000000
4500 1.734514 10.000000
4500 1.734526 10.000000
4500 1.750144 10.000000
4500 1.609457 100.000000
4500 1.750162 100.000000
4500 1.734527 100.000000
4500 1.734526 100.000000
4500 1.797025 100.000000
4500 1.750087 100.000000
4500 1.750161 100.000000
4500 1.734466 100.000000
4500 1.734535 100.000000
4500 1.750140 100.000000
4500 1.609523 1000.000000
4500 1.609500 1000.000000
4500 1.609511 1000.000000
4500 1.609511 1000.000000
4500 1.812668 1000.000000
4500 1.734462 1000.000000
4500 1.750152 1000.000000
4500 1.609532 1000.000000
4500 1.593883 1000.000000
4500 1.593832 1000.000000
4500 1.625133 10000.000000
4500 1.484516 10000.000000
4500 1.609515 10000.000000
4500 1.468831 10000.000000
4500 1.750170 10000.000000
4500 1.609457 10000.000000
4500 1.609523 10000.000000
4500 1.750158 10000.000000
4500 1.750149 10000.000000
4500 1.617692 10000.000000
4500 1.625084 100000.000000
4500 1.656332 100000.000000
4500 1.500077 100000.000000
4500 1.625146 100000.000000
4500 1.609458 100000.000000
4500 1.625083 100000.000000
4500 1.484451 100000.000000
4500 1.640766 100000.000000
4500 1.672011 100000.000000
4500 1.515777 100000.000000
4500 1.656405 1000000.000000
4500 1.640706 1000000.000000
4500 1.656447 1000000.000000
4500 1.656402 1000000.000000
4500 1.797029 1000000.000000
4500 1.656332 1000000.000000
4500 1.781342 1000000.000000
4500 1.640707 1000000.000000
4500 1.640772 1000000.000000
4500 1.500132 1000000.000000
4600 1.812593 1.000000
4600 1.812666 1.000000
4600 1.812670 1.000000
4600 1.812665 1.000000
4600 1.828219 1.000000
4600 1.828285 1.000000
4600 1.828295 1.000000
4600 1.828281 1.000000
4600 1.812648 1.000000
4600 1.828286 1.000000
4600 1.843905 10.000000
4600 1.875147 10.000000
4600 1.828273 10.000000
4600 1.828280 10.000000
4600 1.812652 10.000000
4600 1.812662 10.000000
4600 1.812593 10.000000
4600 1.828280 10.000000
4600 1.812647 10.000000
4600 1.828285 10.000000
4600 1.812651 100.000000
4600 1.812659 100.000000
4600 1.671960 100.000000
4600 1.812653 100.000000
4600 1.828217 100.000000
4600 1.812655 100.000000
4600 1.828279 100.000000
4600 1.828279 100.000000
4600 1.812659 100.000000
4600 1.672023 100.000000
4600 1.703281 1000.000000
4600 1.687587 1000.000000
4600 1.671961 1000.000000
4600 1.812664 1000.000000
4600 1.687651 1000.000000
4600 1.828292 1000.000000
4600 1.687661 1000.000000
4600 1.687658 1000.000000
4600 1.828289 1000.000000
4600 1.672024 1000.000000
4600 1.682583 10000.000000
4600 1.687636 10000.000000
4600 1.812668 10000.000000
4600 1.687674 10000.000000
4600 1.812681 10000.000000
4600 1.671958 10000.000000
4600 1.750146 10000.000000
4600 1.828219 10000.000000
4600 1.687663 10000.000000
4600 1.828220 10000.000000
4600 1.703267 100000.000000
4600 1.687655 100000.000000
4600 1.703272 100000.000000
4600 1.828284 100000.000000
4600 1.843916 100000.000000
4600 1.687646 100000.000000
4600 1.703286 100000.000000
4600 1.843906 100000.000000
4600 1.687653 100000.000000
4600 1.750144 100000.000000
4600 1.718900 1000000.000000
4600 1.875156 1000000.000000
4600 1.859538 1000000.000000
4600 1.718900 1000000.000000
4600 1.578270 1000000.000000
4600 1.859541 1000000.000000
4600 1.718899 1000000.000000
4600 1.859516 1000000.000000
4600 1.718894 1000000.000000
4600 1.875102 1000000.000000
4700 1.906418 1.000000
4700 1.890717 1.000000
4700 1.890777 1.000000
4700 1.906408 1.000000
4700 1.906404 1.000000
4700 1.900962 1.000000
4700 1.906350 1.000000
4700 1.906354 1.000000
4700 1.890776 1.000000
4700 1.906396 1.000000
4700 1.906408 10.000000
4700 1.906350 10.000000
4700 1.906347 10.000000
4700 1.906420 10.000000
4700 1.910576 10.000000
4700 1.906351 10.000000
4700 1.906421 10.000000
4700 1.906409 10.000000
4700 1.906418 10.000000
4700 1.906410 10.000000
4700 1.906405 100.000000
4700 1.890785 100.000000
4700 1.906395 100.000000
4700 1.906462 100.000000
4700 1.890722 100.000000
4700 1.906418 100.000000
4700 1.906420 100.000000
4700 1.906413 100.000000
4700 1.906347 100.000000
4700 1.906407 100.000000
4700 1.750146 1000.000000
4700 1.750158 1000.000000
4700 1.758648 1000.000000
4700 1.750084 1000.000000
4700 1.750097 1000.000000
4700 1.906346 1000.000000
4700 1.750145 1000.000000
4700 1.906353 1000.000000
4700 1.781340 1000.000000
4700 1.765784 1000.000000
4700 1.765715 10000.000000
4700 1.781400 10000.000000
4700 1.765786 10000.000000
4700 1.781341 10000.000000
4700 1.750138 10000.000000
4700 1.750164 10000.000000
4700 1.750143 10000.000000
4700 1.750158 10000.000000
4700 1.609457 10000.000000
4700 1.750090 10000.000000
4700 1.906409 100000.000000
4700 1.765769 100000.000000
4700 1.765786 100000.000000
4700 1.781390 100000.000000
4700 1.765716 100000.000000
4700 1.765713 100000.000000
4700 1.625088 100000.000000
4700 1.922042 100000.000000
4700 1.625147 100000.000000
4700 1.765776 100000.000000
4700 1.703268 1000000.000000
4700 1.500076 1000000.000000
4700 1.937599 1000000.000000
4700 1.953280 1000000.000000
4700 1.797017 1000000.000000
4700 1.797026 1000000.000000
4700 1.484452 1000000.000000
4700 1.797029 1000000.000000
4700 1.656336 1000000.000000
4700 1.937680 1000000.000000
4800 1.984542 1.000000
4800 1.984541 1.000000
4800 1.984546 1.000000
4800 1.984478 1.000000
4800 1.984542 1.000000
4800 1.984477 1.000000
4800 1.984550 1.000000
4800 1.984548 1.000000
4800 1.968907 1.000000
4800 1.984555 1.000000
4800 1.984530 10.000000
4800 1.984544 10.000000
4800 1.968910 10.000000
4800 1.984539 10.000000
4800 1.984545 10.000000
4800 1.984554 10.000000
4800 1.984531 10.000000
4800 2.047044 10.000000
4800 1.984548 10.000000
4800 1.984536 10.000000
4800 1.828293 100.000000
4800 1.984539 100.000000
4800 1.984544 100.000000
4800 1.843897 100.000000
4800 1.984545 100.000000
4800 1.828216 100.000000
4800 1.984541 100.000000
4800 1.968927 100.000000
4800 1.984555 100.000000
4800 1.984531 100.000000
4800 1.843845 1000.000000
4800 1.828284 1000.000000
4800 1.984539 1000.000000
4800 1.984477 1000.000000
4800 1.843911 1000.000000
4800 1.828278 1000.000000
4800 1.828219 1000.000000
4800 1.828279 1000.000000
4800 1.984477 1000.000000
4800 1.828284 1000.000000
4800 2.000159 10000.000000
4800 1.828219 10000.000000
4800 1.671960 10000.000000
4800 1.984536 10000.000000
4800 1.828279 10000.000000
4800 1.843904 10000.000000
4800 1.687583 10000.000000
4800 1.687642 10000.000000
4800 1.984476 10000.000000
4800 1.828271 10000.000000
4800 2.000155 100000.000000
4800 1.843916 100000.000000
4800 1.843898 100000.000000
4800 1.859533 100000.000000
4800 1.843916 100000.000000
4800 1.843916 100000.000000
4800 2.000171 100000.000000
4800 1.843915 100000.000000
4800 1.843903 100000.000000
4800 1.687649 100000.000000
4800 1.875157 1000000.000000
4800 2.031419 1000000.000000
4800 2.031410 1000000.000000
4800 1.859530 1000000.000000
4800 1.875092 1000000.000000
4800 1.875091 1000000.000000
4800 1.718912 1000000.000000
4800 2.031417 1000000.000000
4800 1.875161 1000000.000000
4800 1.718903 1000000.000000
4900 2.062674 1.000000
4900 2.062683 1.000000
4900 2.062666 1.000000
4900 2.078288 1.000000
4900 2.062678 1.000000
4900 2.062671 1.000000
4900 2.062671 1.000000
4900 2.078291 1.000000
4900 2.078301 1.000000
4900 2.062665 1.000000
4900 2.078320 10.000000
4900 2.062600 10.000000
4900 2.062659 10.000000
4900 2.062659 10.000000
4900 2.062671 10.000000
4900 2.062666 10.000000
4900 2.062678 10.000000
4900 2.078285 10.000000
4900 2.062663 10.000000
4900 2.078290 10.000000
4900 2.062673 100.000000
4900 1.906404 100.000000
4900 1.906348 100.000000
4900 1.906348 100.000000
4900 2.062666 100.000000
4900 2.062677 100.000000
4900 2.062606 100.000000
4900 2.062674 100.000000
4900 2.156410 100.000000
4900 1.890721 100.000000
4900 1.906418 1000.000000
4900 1.906413 1000.000000
4900 1.906405 1000.000000
4900 1.906409 1000.000000
4900 2.078292 1000.000000
4900 1.906417 1000.000000
4900 1.906410 1000.000000
4900 2.078305 1000.000000
4900 1.906400 1000.000000
4900 1.906347 1000.000000
4900 1.906345 10000.000000
4900 2.062719 10000.000000
4900 1.906422 10000.000000
4900 1.906422 10000.000000
4900 2.093926 10000.000000
4900 1.921968 10000.000000
4900 1.922028 10000.000000
4900 1.906408 10000.000000
4900 1.906349 10000.000000
4900 1.750152 10000.000000
4900 1.921974 100000.000000
4900 2.078304 100000.000000
4900 2.093911 100000.000000
4900 1.922046 100000.000000
4900 1.922034 100000.000000
4900 1.922033 100000.000000
4900 1.922048 100000.000000
4900 1.922046 100000.000000
4900 1.922029 100000.000000
4900 1.922044 100000.000000
4900 2.109549 1000000.000000
4900 2.125183 1000000.000000
4900 2.125168 1000000.000000
4900 1.781411 1000000.000000
4900 1.968925 1000000.000000
4900 2.031423 1000000.000000
4900 1.953225 1000000.000000
4900 1.953285 1000000.000000
4900 1.953289 1000000.000000
4900 2.125193 1000000.000000
5000 2.140787 1.000000
5000 2.140788 1.000000
5000 2.143767 1.000000
5000 2.140808 1.000000
5000 2.140809 1.000000
5000 2.156428 1.000000
5000 2.218916 1.000000
5000 2.140735 1.000000
5000 2.171989 1.000000
5000 2.156492 1.000000
5000 2.140735 10.000000
5000 2.156430 10.000000
5000 2.140787 10.000000
5000 2.140786 10.000000
5000 2.203313 10.000000
5000 2.156426 10.000000
5000 2.140800 10.000000
5000 2.156424 10.000000
5000 2.156420 10.000000
5000 2.140790 10.000000
5000 1.984523 100.000000
5000 2.156419 100.000000
5000 2.062666 100.000000
5000 2.140795 100.000000
5000 2.156433 100.000000
5000 2.000106 100.000000
5000 2.156361 100.000000
5000 1.984471 100.000000
5000 2.140807 100.000000
5000 2.140735 100.000000
5000 2.047033 1000.000000
5000 1.984471 1000.000000
5000 1.984477 1000.000000
5000 2.156361 1000.000000
5000 1.984535 1000.000000
5000 2.140730 1000.000000
5000 1.984525 1000.000000
5000 1.984475 1000.000000
5000 1.984539 1000.000000
5000 2.156425 1000.000000
5000 1.984532 10000.000000
5000 1.984555 10000.000000
5000 2.000163 10000.000000
5000 1.984542 10000.000000
5000 1.984549 10000.000000
5000 1.984474 10000.000000
5000 1.984544 10000.000000
5000 1.984476 10000.000000
5000 1.984606 10000.000000
5000 2.000163 10000.000000
5000 2.008618 100000.000000
5000 2.172060 100000.000000
5000 2.000156 100000.000000
5000 1.672027 100000.000000
5000 2.000169 100000.000000
5000 2.000100 100000.000000
5000 2.015790 100000.000000
5000 1.828219 100000.000000
5000 2.000167 100000.000000
5000 2.156420 100000.000000
5000 2.203303 1000000.000000
5000 2.031417 1000000.000000
5000 2.015784 1000000.000000
5000 2.031409 1000000.000000
5000 1.859529 1000000.000000
5000 2.015793 1000000.000000
5000 2.031409 1000000.000000
5000 2.031407 1000000.000000
5000 2.031429 1000000.000000
5000 2.187715 1000000.000000
5100 2.234554 1.000000
5100 2.328315 1.000000
5100 2.234564 1.000000
5100 2.250168 1.000000
5100 2.234551 1.000000
5100 2.234549 1.000000
5100 2.234612 1.000000
5100 2.234565 1.000000
5100 2.234559 1.000000
5100 2.234544 1.000000
5100 2.234544 10.000000
5100 2.234562 10.000000
5100 2.234546 10.000000
5100 2.234565 10.000000
5100 2.218913 10.000000
5100 2.250169 10.000000
5100 2.250170 10.000000
5100 2.234561 10.000000
5100 2.234492 10.000000
5100 2.296994 10.000000
5100 2.234560 100.000000
5100 2.234558 100.000000
5100 2.250110 100.000000
5100 2.234542 100.000000
5100 2.234544 100.000000
5100 2.234543 100.000000
5100 2.062606 100.000000
5100 2.062680 100.000000
5100 2.250187 100.000000
5100 2.234546 100.000000
5100 2.234550 1000.000000
5100 2.093857 1000.000000
5100 2.078287 1000.000000
5100 2.297074 1000.000000
5100 2.234609 1000.000000
5100 2.062673 1000.000000
5100 2.234557 1000.000000
5100 2.234488 1000.000000
5100 2.062678 1000.000000
5100 2.281365 1000.000000
5100 2.234535 10000.000000
5100 2.297041 10000.000000
5100 2.078306 10000.000000
5100 2.093922 10000.000000
5100 2.078300 10000.000000
5100 2.062672 10000.000000
5100 1.906346 10000.000000
5100 2.484636 10000.000000
5100 2.062666 10000.000000
5100 2.046979 10000.000000
5100 2.265738 100000.000000
5100 1.906348 100000.000000
5100 2.078299 100000.000000
5100 1.718894 100000.000000
5100 2.250235 100000.000000
5100 2.265810 100000.000000
5100 2.078291 100000.000000
5100 2.125212 100000.000000
5100 2.093924 100000.000000
5100 2.093895 100000.000000
5100 2.109548 1000000.000000
5100 1.937662 1000000.000000
5100 2.109553 1000000.000000
5100 2.109557 1000000.000000
5100 2.109536 1000000.000000
5100 2.140807 1000000.000000
5100 1.922026 1000000.000000
5100 2.109549 1000000.000000
5100 2.109555 1000000.000000
5100 2.109555 1000000.000000
5200 2.328297 1.000000
5200 2.328301 1.000000
5200 2.328300 1.000000
5200 2.312689 1.000000
5200 2.312679 1.000000
5200 2.328298 1.000000
5200 2.328308 1.000000
5200 2.312670 1.000000
5200 2.328239 1.000000
5200 2.312673 1.000000
5200 2.312679 10.000000
5200 2.328308 10.000000
5200 2.328309 10.000000
5200 2.328319 10.000000
5200 2.328315 10.000000
5200 2.312688 10.000000
5200 2.343939 10.000000
5200 2.312673 10.000000
5200 2.329277 10.000000
5200 2.312681 10.000000
5200 2.140803 100.000000
5200 2.140792 100.000000
5200 2.156358 100.000000
5200 2.203301 100.000000
5200 2.328245 100.000000
5200 2.328321 100.000000
5200 2.312671 100.000000
5200 2.140806 100.000000
5200 2.312672 100.000000
5200 2.328248 100.000000
5200 2.156427 1000.000000
5200 2.156421 1000.000000
5200 2.140809 1000.000000
5200 2.140790 1000.000000
5200 2.312616 1000.000000
5200 2.140789 1000.000000
5200 2.140733 1000.000000
5200 2.140796 1000.000000
5200 2.140802 1000.000000
5200 2.140813 1000.000000
5200 2.140803 10000.000000
5200 2.140788 10000.000000
5200 2.140805 10000.000000
5200 2.156425 10000.000000
5200 2.156420 10000.000000
5200 2.375175 10000.000000
5200 2.156434 10000.000000
5200 2.140800 10000.000000
5200 2.140790 10000.000000
5200 2.156422 10000.000000
5200 1.984530 100000.000000
5200 2.156422 100000.000000
5200 2.156421 100000.000000
5200 2.171989 100000.000000
5200 2.156425 100000.000000
5200 2.156428 100000.000000
5200 2.156415 100000.000000
5200 2.343934 100000.000000
5200 2.343928 100000.000000
5200 2.359554 100000.000000
5200 2.375182 1000000.000000
5200 2.375122 1000000.000000
5200 2.015783 1000000.000000
5200 2.187665 1000000.000000
5200 2.375183 1000000.000000
5200 2.375175 1000000.000000
5200 2.187673 1000000.000000
5200 2.375122 1000000.000000
5200 2.234531 1000000.000000
5200 2.187667 1000000.000000
5300 2.423117 1.000000
5300 2.406428 1.000000
5300 2.422127 1.000000
5300 2.422060 1.000000
5300 2.437692 1.000000
5300 2.422128 1.000000
5300 2.406441 1.000000
5300 2.422061 1.000000
5300 2.406379 1.000000
5300 2.406472 1.000000
5300 2.515822 10.000000
5300 2.422073 10.000000
5300 2.422061 10.000000
5300 2.406441 10.000000
5300 2.406372 10.000000
5300 2.422059 10.000000
5300 2.422106 10.000000
5300 2.406440 10.000000
5300 2.406378 10.000000
5300 2.422069 10.000000
5300 2.406428 100.000000
5300 2.406430 100.000000
5300 2.406371 100.000000
5300 2.218925 100.000000
5300 2.406369 100.000000
5300 2.406449 100.000000
5300 2.218919 100.000000
5300 2.406371 100.000000
5300 2.422069 100.000000
5300 2.406440 100.000000
5300 2.406442 1000.000000
5300 2.234554 1000.000000
5300 2.297055 1000.000000
5300 2.218859 1000.000000
5300 2.422070 1000.000000
5300 2.406440 1000.000000
5300 2.265740 1000.000000
5300 2.406438 1000.000000
5300 2.234544 1000.000000
5300 2.234549 1000.000000
5300 2.218980 10000.000000
5300 2.218864 10000.000000
5300 2.250116 10000.000000
5300 2.218926 10000.000000
5300 2.234541 10000.000000
5300 2.406425 10000.000000
5300 2.406433 10000.000000
5300 2.234490 10000.000000
5300 2.218918 10000.000000
5300 2.422063 10000.000000
5300 2.250166 100000.000000
5300 2.234549 100000.000000
5300 2.062672 100000.000000
5300 2.297057 100000.000000
5300 2.250118 100000.000000
5300 2.250184 100000.000000
5300 2.422051 100000.000000
5300 2.250176 100000.000000
5300 2.047051 100000.000000
5300 2.250173 100000.000000
5300 2.078286 1000000.000000
5300 2.078286 1000000.000000
5300 2.093858 1000000.000000
5300 2.359558 1000000.000000
5300 2.093920 1000000.000000
5300 2.468931 1000000.000000
5300 2.078285 1000000.000000
5300 2.281438 1000000.000000
5300 2.468931 1000000.000000
5300 2.484572 1000000.000000
5400 2.515748 1.000000
5400 2.515814 1.000000
5400 2.500123 1.000000
5400 2.500189 1.000000
5400 2.500201 1.000000
5400 2.515826 1.000000
5400 2.500235 1.000000
5400 2.515754 1.000000
5400 2.500200 1.000000
5400 2.500192 1.000000
5400 2.781460 10.000000
5400 2.515883 10.000000
5400 2.765765 10.000000
5400 2.500181 10.000000
5400 2.500201 10.000000
5400 2.765819 10.000000
5400 2.515817 10.000000
5400 2.781441 10.000000
5400 2.484558 10.000000
5400 2.500129 10.000000
5400 2.781465 100.000000
5400 2.312625 100.000000
5400 2.781462 100.000000
5400 2.515816 100.000000
5400 2.515823 100.000000
5400 2.765840 100.000000
5400 2.531375 100.000000
5400 2.781449 100.000000
5400 2.312677 100.000000
5400 2.500268 100.000000
5400 2.781392 1000.000000
5400 2.328384 1000.000000
5400 2.781440 1000.000000
5400 2.312683 1000.000000
5400 2.297062 1000.000000
5400 2.547051 1000.000000
5400 2.328296 1000.000000
5400 2.547052 1000.000000
5400 2.359539 1000.000000
5400 2.500246 1000.000000
5400 2.562703 10000.000000
5400 2.517858 10000.000000
5400 2.547077 10000.000000
5400 2.515820 10000.000000
5400 2.312671 10000.000000
5400 2.562695 10000.000000
5400 2.531433 10000.000000
5400 2.625132 10000.000000
5400 2.312687 10000.000000
5400 2.312622 10000.000000
5400 2.781532 100000.000000
5400 1.953293 100000.000000
5400 2.578384 100000.000000
5400 2.328245 100000.000000
5400 2.125166 100000.000000
5400 2.578318 100000.000000
5400 2.140793 100000.000000
5400 2.578330 100000.000000
5400 2.328312 100000.000000
5400 2.515815 100000.000000
5400 2.609644 1000000.000000
5400 2.578343 1000000.000000
5400 2.609577 1000000.000000
5400 2.453301 1000000.000000
5400 2.359564 1000000.000000
5400 2.844024 1000000.000000
5400 2.390748 1000000.000000
5400 2.609564 1000000.000000
5400 2.547076 1000000.000000
5400 2.359555 1000000.000000
5500 2.593943 1.000000
5500 2.593955 1.000000
5500 2.687761 1.000000
5500 2.578374 1.000000
5500 2.593951 1.000000
5500 2.594012 1.000000
5500 2.593951 1.000000
5500 2.593957 1.000000
5500 2.593937 1.000000
5500 2.593950 1.000000
5500 2.594080 10.000000
5500 2.593936 10.000000
5500 2.593946 10.000000
5500 2.640823 10.000000
5500 2.593950 10.000000
5500 2.609569 10.000000
5500 2.593940 10.000000
5500 2.593881 10.000000
5500 2.594007 10.000000
5500 2.578326 10.000000
5500 2.609564 100.000000
5500 2.593937 100.000000
5500 2.390799 100.000000
5500 2.593948 100.000000
5500 2.640811 100.000000
5500 2.593883 100.000000
5500 2.578313 100.000000
5500 2.593887 100.000000
5500 2.593937 100.000000
5500 2.593948 100.000000
5500 2.593935 1000.000000
5500 2.390800 1000.000000
5500 2.593936 1000.000000
5500 2.406448 1000.000000
5500 2.390745 1000.000000
5500 2.406428 1000.000000
5500 2.390801 1000.000000
5500 2.390820 1000.000000
5500 2.390818 1000.000000
5500 2.390818 1000.000000
5500 2.390746 10000.000000
5500 2.593935 10000.000000
5500 2.390748 10000.000000
5500 2.390816 10000.000000
5500 2.390807 10000.000000
5500 2.187612 10000.000000
5500 2.390812 10000.000000
5500 2.390821 10000.000000
5500 2.390748 10000.000000
5500 2.390868 10000.000000
5500 2.406376 100000.000000
5500 2.422076 100000.000000
5500 2.406377 100000.000000
5500 2.672064 100000.000000
5500 2.218938 100000.000000
5500 2.609563 100000.000000
5500 2.406373 100000.000000
5500 2.406439 100000.000000
5500 2.406429 100000.000000
5500 2.422069 100000.000000
5500 2.453321 1000000.000000
5500 2.453320 1000000.000000
5500 2.640819 1000000.000000
5500 2.437682 1000000.000000
