3100 1.468879 1.000000
3100 1.500148 1.000000
3100 1.468900 1.000000
3100 1.500076 1.000000
3100 1.484509 1.000000
3100 1.484453 1.000000
3100 1.468880 1.000000
3100 1.468890 1.000000
3100 1.484505 1.000000
3100 1.468890 1.000000
3100 1.500147 10.000000
3100 1.468894 10.000000
3100 1.468825 10.000000
3100 1.484526 10.000000
3100 1.468885 10.000000
3100 1.468905 10.000000
3100 1.578205 10.000000
3100 1.484518 10.000000
3100 1.484456 10.000000
3100 1.629499 10.000000
3100 1.468823 100.000000
3100 1.468888 100.000000
3100 1.468879 100.000000
3100 1.468899 100.000000
3100 1.468903 100.000000
3100 1.468907 100.000000
3100 1.468881 100.000000
3100 1.468824 100.000000
3100 1.468896 100.000000
3100 1.484524 100.000000
3100 1.468880 1000.000000
3100 1.406397 1000.000000
3100 1.515757 1000.000000
3100 1.468898 1000.000000
3100 1.468825 1000.000000
3100 1.468822 1000.000000
3100 1.422020 1000.000000
3100 1.468891 1000.000000
3100 1.406383 1000.000000
3100 1.468825 1000.000000
3100 1.422020 10000.000000
3100 1.406325 10000.000000
3100 1.343819 10000.000000
3100 1.422026 10000.000000
3100 1.406397 10000.000000
3100 1.468820 10000.000000
3100 1.484451 10000.000000
3100 1.484452 10000.000000
3100 1.422007 10000.000000
3100 1.468826 10000.000000
3100 1.484521 100000.000000
3100 1.359533 100000.000000
3100 1.484448 100000.000000
3100 1.421950 100000.000000
3100 1.468887 100000.000000
3100 1.422010 100000.000000
3100 1.296942 100000.000000
3100 1.422013 100000.000000
3100 1.468896 100000.000000
3100 1.359445 100000.000000
3100 1.437646 1000000.000000
3100 1.453272 1000000.000000
3100 1.422007 1000000.000000
3100 1.500154 1000000.000000
3100 1.500152 1000000.000000
3100 1.312631 1000000.000000
3100 1.500074 1000000.000000
3100 1.484514 1000000.000000
3100 1.375138 1000000.000000
3100 1.500146 1000000.000000
3200 1.578275 1.000000
3200 1.578275 1.000000
3200 1.578280 1.000000
3200 1.578262 1.000000
3200 1.578206 1.000000
3200 1.578201 1.000000
3200 1.609452 1.000000
3200 1.578271 1.000000
3200 1.578260 1.000000
3200 1.578279 1.000000
3200 1.578263 10.000000
3200 1.593886 10.000000
3200 1.578207 10.000000
3200 1.593828 10.000000
3200 1.578206 10.000000
3200 1.578203 10.000000
3200 1.578206 10.000000
3200 1.578207 10.000000
3200 1.593901 10.000000
3200 1.562580 10.000000
3200 1.578206 100.000000
3200 1.578269 100.000000
3200 1.578260 100.000000
3200 1.578271 100.000000
3200 1.593902 100.000000
3200 1.578259 100.000000
3200 1.593886 100.000000
3200 1.578276 100.000000
3200 1.578276 100.000000
3200 1.578257 100.000000
3200 1.593835 1000.000000
3200 1.515703 1000.000000
3200 1.578211 1000.000000
3200 1.453265 1000.000000
3200 1.578274 1000.000000
3200 1.515700 1000.000000
3200 1.578253 1000.000000
3200 1.515761 1000.000000
3200 1.578202 1000.000000
3200 1.515703 1000.000000
3200 1.531378 10000.000000
3200 1.774309 10000.000000
3200 1.593832 10000.000000
3200 1.578208 10000.000000
3200 1.515756 10000.000000
3200 1.578265 10000.000000
3200 1.453200 10000.000000
3200 1.625136 10000.000000
3200 1.515773 10000.000000
3200 1.578270 10000.000000
3200 1.468889 100000.000000
3200 1.578209 100000.000000
3200 1.593893 100000.000000
3200 1.453261 100000.000000
3200 1.843839 100000.000000
3200 1.531331 100000.000000
3200 1.453199 100000.000000
3200 1.390770 100000.000000
3200 1.453199 100000.000000
3200 1.531327 100000.000000
3200 1.609527 1000000.000000
3200 1.547011 1000000.000000
3200 1.609528 1000000.000000
3200 1.406324 1000000.000000
3200 1.609526 1000000.000000
3200 1.484451 1000000.000000
3200 1.609463 1000000.000000
3200 1.547027 1000000.000000
3200 1.656386 1000000.000000
3200 1.531329 1000000.000000
3300 1.703263 1.000000
3300 1.687650 1.000000
3300 1.687654 1.000000
3300 1.687644 1.000000
3300 1.703215 1.000000
3300 1.687660 1.000000
3300 1.687648 1.000000
3300 1.703287 1.000000
3300 1.687653 1.000000
3300 1.687665 1.000000
3300 1.687646 10.000000
3300 1.703287 10.000000
3300 1.687664 10.000000
3300 1.687634 10.000000
3300 1.687586 10.000000
3300 1.718833 10.000000
3300 1.687586 10.000000
3300 1.687581 10.000000
3300 1.687655 10.000000
3300 1.687584 10.000000
3300 1.687585 100.000000
3300 1.703274 100.000000
3300 1.687768 100.000000
3300 1.687589 100.000000
3300 1.687655 100.000000
3300 1.703260 100.000000
3300 1.687719 100.000000
3300 1.703274 100.000000
3300 1.687659 100.000000
3300 1.687654 100.000000
3300 1.703218 1000.000000
3300 1.687659 1000.000000
3300 1.625153 1000.000000
3300 1.687652 1000.000000
3300 1.687587 1000.000000
3300 1.609454 1000.000000
3300 1.687592 1000.000000
3300 1.625080 1000.000000
3300 1.609512 1000.000000
3300 1.703271 1000.000000
3300 1.468888 10000.000000
3300 1.609518 10000.000000
3300 1.703213 10000.000000
3300 1.703284 10000.000000
3300 1.687656 10000.000000
3300 1.625078 10000.000000
3300 1.547013 10000.000000
3300 1.687654 10000.000000
3300 1.703210 10000.000000
3300 1.484448 10000.000000
3300 1.140743 100000.000000
3300 1.484506 100000.000000
3300 1.500074 100000.000000
3300 1.422018 100000.000000
3300 1.625156 100000.000000
3300 1.640783 100000.000000
3300 1.703284 100000.000000
3300 1.625083 100000.000000
3300 1.640706 100000.000000
3300 1.421948 100000.000000
3300 1.734520 1000000.000000
3300 1.578281 1000000.000000
3300 1.718836 1000000.000000
3300 1.812656 1000000.000000
3300 1.734464 1000000.000000
3300 1.515777 1000000.000000
3300 1.718833 1000000.000000
3300 1.734538 1000000.000000
3300 1.734542 1000000.000000
3300 1.671954 1000000.000000
3400 1.812647 1.000000
3400 1.797037 1.000000
3400 1.797033 1.000000
3400 1.812661 1.000000
3400 1.797021 1.000000
3400 1.797038 1.000000
3400 1.812599 1.000000
3400 1.797034 1.000000
3400 1.812643 1.000000
3400 1.797037 1.000000
3400 1.797041 10.000000
3400 1.799056 10.000000
3400 1.812659 10.000000
3400 1.812769 10.000000
3400 1.797022 10.000000
3400 1.812655 10.000000
3400 1.812654 10.000000
3400 1.812667 10.000000
3400 1.812587 10.000000
3400 1.797028 10.000000
3400 1.797032 100.000000
3400 1.812593 100.000000
3400 1.797039 100.000000
3400 1.812652 100.000000
3400 1.812656 100.000000
3400 1.812648 100.000000
3400 1.797021 100.000000
3400 1.843842 100.000000
3400 1.797013 100.000000
3400 1.812587 100.000000
3400 1.734529 1000.000000
3400 1.812667 1000.000000
3400 1.734467 1000.000000
3400 1.718900 1000.000000
3400 1.718909 1000.000000
3400 1.734518 1000.000000
3400 1.734518 1000.000000
3400 1.718900 1000.000000
3400 1.734533 1000.000000
3400 1.734462 1000.000000
3400 1.797021 10000.000000
3400 1.656409 10000.000000
3400 1.656394 10000.000000
3400 1.734516 10000.000000
3400 1.812593 10000.000000
3400 1.656389 10000.000000
3400 1.734470 10000.000000
3400 1.812644 10000.000000
3400 1.812593 10000.000000
3400 1.812662 10000.000000
3400 1.828285 100000.000000
3400 1.828219 100000.000000
3400 1.828220 100000.000000
3400 1.828286 100000.000000
3400 1.671961 100000.000000
3400 1.750146 100000.000000
3400 1.750157 100000.000000
3400 1.515706 100000.000000
3400 1.812664 100000.000000
3400 1.671960 100000.000000
3400 1.828274 1000000.000000
3400 1.843845 1000000.000000
3400 1.843894 1000000.000000
3400 1.843912 1000000.000000
3400 1.843916 1000000.000000
3400 1.453199 1000000.000000
3400 1.765771 1000000.000000
3400 1.781414 1000000.000000
3400 1.765769 1000000.000000
3400 1.843896 1000000.000000
3500 1.922030 1.000000
3500 1.922037 1.000000
3500 1.984531 1.000000
3500 1.906411 1.000000
3500 1.921974 1.000000
3500 1.922041 1.000000
3500 1.921968 1.000000
3500 1.921976 1.000000
3500 1.937663 1.000000
3500 1.922034 1.000000
3500 1.906348 10.000000
3500 1.921974 10.000000
3500 1.906412 10.000000
3500 1.921979 10.000000
3500 1.922039 10.000000
3500 1.906401 10.000000
3500 1.921977 10.000000
3500 1.922035 10.000000
3500 1.922047 10.000000
3500 1.921979 10.000000
3500 1.922044 100.000000
3500 1.922038 100.000000
3500 1.922042 100.000000
3500 1.922027 100.000000
3500 1.922021 100.000000
3500 1.921971 100.000000
3500 1.937594 100.000000
3500 1.921973 100.000000
3500 1.921970 100.000000
3500 1.921980 100.000000
3500 1.875140 1000.000000
3500 1.922048 1000.000000
3500 1.828291 1000.000000
3500 1.937660 1000.000000
3500 1.843917 1000.000000
3500 1.843848 1000.000000
3500 1.843905 1000.000000
3500 1.843846 1000.000000
3500 1.843849 1000.000000
3500 1.843844 1000.000000
3500 1.922026 10000.000000
3500 1.922044 10000.000000
3500 1.843844 10000.000000
3500 1.922028 10000.000000
3500 1.922041 10000.000000
3500 1.937665 10000.000000
3500 1.922034 10000.000000
3500 1.984479 10000.000000
3500 1.922026 10000.000000
3500 1.843897 10000.000000
3500 1.781412 100000.000000
3500 1.859536 100000.000000
3500 1.781405 100000.000000
3500 1.859535 100000.000000
3500 1.859532 100000.000000
3500 1.859545 100000.000000
3500 1.953225 100000.000000
3500 1.937598 100000.000000
3500 1.687641 100000.000000
3500 1.859468 100000.000000
3500 1.890776 1000000.000000
3500 1.968850 1000000.000000
3500 1.953221 1000000.000000
3500 1.883611 1000000.000000
3500 1.625083 1000000.000000
3500 1.875225 1000000.000000
3500 1.796962 1000000.000000
3500 1.968907 1000000.000000
3500 1.953285 1000000.000000
3500 1.812643 1000000.000000
3600 2.109551 1.000000
3600 2.031424 1.000000
3600 2.031421 1.000000
3600 2.047054 1.000000
3600 2.047057 1.000000
3600 2.031408 1.000000
3600 2.031421 1.000000
3600 2.047049 1.000000
3600 2.047033 1.000000
3600 2.031360 1.000000
3600 2.047033 10.000000
3600 2.046980 10.000000
3600 2.047039 10.000000
3600 2.031352 10.000000
3600 2.046980 10.000000
3600 2.047040 10.000000
3600 2.046986 10.000000
3600 2.031355 10.000000
3600 2.047033 10.000000
3600 2.031421 10.000000
3600 2.031408 100.000000
3600 2.109483 100.000000
3600 2.031355 100.000000
3600 2.046980 100.000000
3600 2.031427 100.000000
3600 2.047034 100.000000
3600 2.047047 100.000000
3600 2.031403 100.000000
3600 2.047054 100.000000
3600 2.047046 100.000000
3600 2.047043 1000.000000
3600 2.047034 1000.000000
3600 1.953293 1000.000000
3600 1.953295 1000.000000
3600 1.953295 1000.000000
3600 1.953225 1000.000000
3600 1.953298 1000.000000
3600 2.047030 1000.000000
3600 1.953296 1000.000000
3600 1.953299 1000.000000
3600 1.968851 10000.000000
3600 1.953298 10000.000000
3600 1.953284 10000.000000
3600 1.875153 10000.000000
3600 2.031424 10000.000000
3600 2.062673 10000.000000
3600 1.953279 10000.000000
3600 2.031426 10000.000000
3600 2.047045 10000.000000
3600 1.953298 10000.000000
3600 2.047049 100000.000000
3600 2.062606 100000.000000
3600 1.890790 100000.000000
3600 2.047058 100000.000000
3600 2.047042 100000.000000
3600 1.984543 100000.000000
3600 1.968929 100000.000000
3600 1.968912 100000.000000
3600 2.047046 100000.000000
3600 1.968917 100000.000000
3600 2.000180 1000000.000000
3600 2.078307 1000000.000000
3600 2.000103 1000000.000000
3600 1.812658 1000000.000000
3600 2.000186 1000000.000000
3600 2.093928 1000000.000000
3600 2.093926 1000000.000000
3600 2.000174 1000000.000000
3600 1.984535 1000000.000000
3600 2.000160 1000000.000000
3700 2.156427 1.000000
3700 2.156436 1.000000
3700 2.156519 1.000000
3700 2.172044 1.000000
3700 2.156437 1.000000
3700 2.156361 1.000000
3700 2.156437 1.000000
3700 2.156429 1.000000
3700 2.172041 1.000000
3700 2.172051 1.000000
3700 2.156436 10.000000
3700 2.156416 10.000000
3700 2.156436 10.000000
3700 2.156488 10.000000
3700 2.156414 10.000000
3700 2.156432 10.000000
3700 2.172061 10.000000
3700 2.156416 10.000000
3700 2.156429 10.000000
3700 2.172053 10.000000
3700 2.156435 100.000000
3700 2.172105 100.000000
3700 2.156412 100.000000
3700 2.156433 100.000000
3700 2.172041 100.000000
3700 2.172129 100.000000
3700 2.156426 100.000000
3700 2.156427 100.000000
3700 2.156408 100.000000
3700 2.171986 100.000000
3700 2.156425 1000.000000
3700 2.172059 1000.000000
3700 2.162438 1000.000000
3700 2.078286 1000.000000
3700 2.172054 1000.000000
3700 2.172059 1000.000000
3700 2.078303 1000.000000
3700 2.078294 1000.000000
3700 2.078285 1000.000000
3700 2.062672 1000.000000
3700 2.156432 10000.000000
3700 2.172040 10000.000000
3700 2.172056 10000.000000
3700 2.156357 10000.000000
3700 2.078284 10000.000000
3700 2.172056 10000.000000
3700 2.156435 10000.000000
3700 2.070653 10000.000000
3700 2.078297 10000.000000
3700 2.078372 10000.000000
3700 2.172058 100000.000000
3700 2.172046 100000.000000
3700 2.093911 100000.000000
3700 2.172039 100000.000000
3700 2.187678 100000.000000
3700 1.718841 100000.000000
3700 2.187726 100000.000000
3700 2.172059 100000.000000
3700 2.078234 100000.000000
3700 2.187673 100000.000000
3700 2.031416 1000000.000000
3700 2.125179 1000000.000000
3700 2.203305 1000000.000000
3700 2.015782 1000000.000000
3700 2.218917 1000000.000000
3700 2.218935 1000000.000000
3700 2.015790 1000000.000000
3700 2.015782 1000000.000000
3700 2.218942 1000000.000000
3700 2.234569 1000000.000000
3800 2.281423 1.000000
3800 2.297120 1.000000
3800 2.297137 1.000000
3800 2.281487 1.000000
3800 2.297065 1.000000
3800 2.281419 1.000000
3800 2.281425 1.000000
3800 2.281420 1.000000
3800 2.297070 1.000000
3800 2.359554 1.000000
3800 2.281439 10.000000
3800 2.281414 10.000000
3800 2.297062 10.000000
3800 2.281440 10.000000
3800 2.281431 10.000000
3800 2.281425 10.000000
3800 2.281442 10.000000
3800 2.281421 10.000000
3800 2.281437 10.000000
3800 2.281510 10.000000
3800 2.203243 100.000000
3800 2.281429 100.000000
3800 2.297054 100.000000
3800 2.312685 100.000000
3800 2.312624 100.000000
3800 2.281440 100.000000
3800 2.281421 100.000000
3800 2.281419 100.000000
3800 2.281419 100.000000
3800 2.296999 100.000000
3800 2.296994 1000.000000
3800 2.297069 1000.000000
3800 2.187686 1000.000000
3800 2.297058 1000.000000
3800 2.297048 1000.000000
3800 2.281430 1000.000000
3800 2.281431 1000.000000
3800 2.281416 1000.000000
3800 2.281438 1000.000000
3800 2.187755 1000.000000
3800 2.281423 10000.000000
3800 2.281434 10000.000000
3800 2.250175 10000.000000
3800 2.187683 10000.000000
3800 2.093929 10000.000000
3800 2.203287 10000.000000
3800 2.000154 10000.000000
3800 2.156419 10000.000000
3800 2.203313 10000.000000
3800 2.297067 10000.000000
3800 2.203381 100000.000000
3800 1.828281 100000.000000
3800 2.312677 100000.000000
3800 2.312677 100000.000000
3800 2.218924 100000.000000
3800 2.218937 100000.000000
3800 2.203296 100000.000000
3800 2.109549 100000.000000
3800 2.218926 100000.000000
3800 2.312677 100000.000000
3800 2.343944 1000000.000000
3800 2.343940 1000000.000000
3800 2.234552 1000000.000000
3800 1.953283 1000000.000000
3800 2.234489 1000000.000000
3800 2.250188 1000000.000000
3800 2.234569 1000000.000000
3800 2.250188 1000000.000000
3800 2.140802 1000000.000000
3800 2.343871 1000000.000000
3900 2.406441 1.000000
3900 2.406522 1.000000
3900 2.406449 1.000000
3900 2.422070 1.000000
3900 2.421999 1.000000
3900 2.406428 1.000000
3900 2.422064 1.000000
3900 2.406493 1.000000
3900 2.422059 1.000000
3900 2.422079 1.000000
3900 2.468944 10.000000
3900 2.406441 10.000000
3900 2.422058 10.000000
3900 2.422066 10.000000
3900 2.422070 10.000000
3900 2.422064 10.000000
3900 2.406438 10.000000
3900 2.422054 10.000000
3900 2.422073 10.000000
3900 2.422074 10.000000
3900 2.422069 100.000000
3900 2.406446 100.000000
3900 2.406521 100.000000
3900 2.422066 100.000000
3900 2.406435 100.000000
3900 2.406495 100.000000
3900 2.422081 100.000000
3900 2.406434 100.000000
3900 2.406442 100.000000
3900 2.406450 100.000000
3900 2.406431 1000.000000
3900 2.312671 1000.000000
3900 2.406371 1000.000000
3900 2.406376 1000.000000
3900 2.422074 1000.000000
3900 2.406437 1000.000000
3900 2.406427 1000.000000
3900 2.406449 1000.000000
3900 2.422067 1000.000000
3900 2.422135 1000.000000
3900 2.203299 10000.000000
3900 2.218923 10000.000000
3900 2.203298 10000.000000
3900 2.422066 10000.000000
3900 2.312693 10000.000000
3900 2.312684 10000.000000
3900 2.281439 10000.000000
3900 2.406448 10000.000000
3900 2.312678 10000.000000
3900 2.422075 10000.000000
3900 2.437694 100000.000000
3900 2.343926 100000.000000
3900 2.218927 100000.000000
3900 2.437694 100000.000000
3900 2.422140 100000.000000
3900 2.500191 100000.000000
3900 2.125167 100000.000000
3900 2.437703 100000.000000
3900 2.437765 100000.000000
3900 2.234550 100000.000000
3900 2.359555 1000000.000000
3900 1.953298 1000000.000000
3900 2.359623 1000000.000000
3900 2.468950 1000000.000000
3900 2.468926 1000000.000000
3900 2.469023 1000000.000000
3900 2.468996 1000000.000000
3900 2.468947 1000000.000000
3900 2.359571 1000000.000000
3900 2.265817 1000000.000000
4000 2.547077 1.000000
4000 2.531434 1.000000
4000 2.531492 1.000000
4000 2.625189 1.000000
4000 2.547054 1.000000
4000 2.547081 1.000000
4000 2.531449 1.000000
4000 2.547144 1.000000
4000 2.531449 1.000000
4000 2.547057 1.000000
4000 2.547075 10.000000
4000 2.547077 10.000000
4000 2.531439 10.000000
4000 2.531452 10.000000
4000 2.547006 10.000000
4000 2.547078 10.000000
4000 2.547076 10.000000
4000 2.531378 10.000000
4000 2.547078 10.000000
4000 2.547075 10.000000
4000 2.547082 100.000000
4000 2.547068 100.000000
4000 2.531452 100.000000
4000 2.547142 100.000000
4000 2.593960 100.000000
4000 2.562708 100.000000
4000 2.547057 100.000000
4000 2.531434 100.000000
4000 2.547065 100.000000
4000 2.547077 100.000000
4000 2.531446 1000.000000
4000 2.437738 1000.000000
4000 2.437630 1000.000000
4000 2.547079 1000.000000
4000 2.437695 1000.000000
4000 2.437680 1000.000000
4000 2.547079 1000.000000
4000 2.547057 1000.000000
4000 2.531455 1000.000000
4000 2.547005 1000.000000
4000 2.547057 10000.000000
4000 2.328250 10000.000000
4000 2.454320 10000.000000
4000 2.437754 10000.000000
4000 2.547067 10000.000000
4000 2.547063 10000.000000
4000 2.531452 10000.000000
4000 2.437749 10000.000000
4000 2.547076 10000.000000
4000 2.547078 10000.000000
4000 2.547064 100000.000000
4000 2.453303 100000.000000
4000 2.453305 100000.000000
4000 2.547007 100000.000000
4000 2.297039 100000.000000
4000 2.453245 100000.000000
4000 2.250175 100000.000000
4000 2.562631 100000.000000
4000 2.453317 100000.000000
4000 2.453319 100000.000000
4000 2.609509 1000000.000000
4000 2.062739 1000000.000000
4000 2.406436 1000000.000000
4000 2.562629 1000000.000000
4000 2.593956 1000000.000000
4000 2.500192 1000000.000000
4000 1.937602 1000000.000000
4000 2.500179 1000000.000000
4000 2.596389 1000000.000000
4000 2.281434 1000000.000000
4100 2.672068 1.000000
4100 2.984668 1.000000
4100 2.672157 1.000000
4100 2.672146 1.000000
4100 2.672153 1.000000
4100 2.672012 1.000000
4100 2.672078 1.000000
4100 2.672100 1.000000
4100 2.672137 1.000000
4100 2.687688 1.000000
4100 2.687751 10.000000
4100 2.672012 10.000000
4100 2.672067 10.000000
4100 2.687708 10.000000
4100 2.672124 10.000000
4100 2.672086 10.000000
4100 2.672083 10.000000
4100 2.672081 10.000000
4100 2.672122 10.000000
4100 2.672140 10.000000
4100 2.672006 100.000000
4100 2.687700 100.000000
4100 2.656446 100.000000
4100 2.672087 100.000000
4100 2.672143 100.000000
4100 2.687711 100.000000
4100 2.672064 100.000000
4100 2.672076 100.000000
4100 2.672123 100.000000
4100 2.687785 100.000000
4100 2.672155 1000.000000
4100 2.562778 1000.000000
4100 2.687785 1000.000000
4100 2.687779 1000.000000
4100 2.562686 1000.000000
4100 2.687784 1000.000000
4100 2.562781 1000.000000
4100 2.562759 1000.000000
4100 2.562632 1000.000000
4100 2.578332 1000.000000
4100 2.468927 10000.000000
4100 2.687709 10000.000000
4100 2.562692 10000.000000
4100 2.453320 10000.000000
4100 2.562742 10000.000000
4100 2.562625 10000.000000
4100 2.672117 10000.000000
4100 2.343939 10000.000000
4100 2.687706 10000.000000
4100 2.562781 10000.000000
4100 2.781466 100000.000000
4100 2.703313 100000.000000
4100 2.359553 100000.000000
4100 2.593953 100000.000000
4100 2.250169 100000.000000
4100 2.703394 100000.000000
4100 2.703316 100000.000000
4100 2.687709 100000.000000
4100 2.593956 100000.000000
4100 2.703321 100000.000000
4100 2.625193 1000000.000000
4100 2.515824 1000000.000000
4100 2.625199 1000000.000000
4100 2.625195 1000000.000000
4100 2.734638 1000000.000000
4100 2.734516 1000000.000000
4100 2.625209 1000000.000000
4100 2.625210 1000000.000000
4100 2.625193 1000000.000000
4100 2.734584 1000000.000000
4200 2.828337 1.000000
4200 2.812776 1.000000
4200 2.812693 1.000000
4200 2.797092 1.000000
4200 2.828342 1.000000
4200 2.812716 1.000000
4200 2.812772 1.000000
4200 2.812709 1.000000
4200 2.859584 1.000000
4200 2.812698 1.000000
4200 2.828340 10.000000
4200 2.812644 10.000000
4200 2.812717 10.000000
4200 2.812718 10.000000
4200 2.812705 10.000000
4200 2.812713 10.000000
4200 2.812699 10.000000
4200 2.797089 10.000000
4200 2.812698 10.000000
4200 2.812710 10.000000
4200 2.812644 100.000000
4200 2.812704 100.000000
4200 2.812645 100.000000
4200 2.821724 100.000000
4200 2.797089 100.000000
4200 2.828322 100.000000
4200 2.812698 100.000000
4200 2.859574 100.000000
4200 2.812720 100.000000
4200 2.812709 100.000000
4200 2.703406 1000.000000
4200 2.812720 1000.000000
4200 2.703317 1000.000000
4200 2.812723 1000.000000
4200 2.703331 1000.000000
4200 2.812712 1000.000000
4200 2.578332 1000.000000
4200 2.687711 1000.000000
4200 2.687699 1000.000000
4200 2.687771 1000.000000
4200 2.578327 10000.000000
4200 2.703341 10000.000000
4200 2.703398 10000.000000
4200 2.562684 10000.000000
4200 2.812692 10000.000000
4200 2.812710 10000.000000
4200 2.812769 10000.000000
4200 2.703408 10000.000000
4200 2.578331 10000.000000
4200 2.812723 10000.000000
4200 2.844037 100000.000000
4200 2.593954 100000.000000
4200 2.734572 100000.000000
4200 2.703334 100000.000000
4200 2.359564 100000.000000
4200 2.703318 100000.000000
4200 2.609582 100000.000000
4200 2.828326 100000.000000
4200 2.244032 100000.000000
4200 2.844011 100000.000000
4200 2.890825 1000000.000000
4200 2.640816 1000000.000000
4200 2.750277 1000000.000000
4200 2.750199 1000000.000000
4200 2.891533 1000000.000000
4200 2.625266 1000000.000000
4200 2.765887 1000000.000000
4200 2.625207 1000000.000000
4200 2.875214 1000000.000000
4200 2.750250 1000000.000000
4300 3.015905 1.000000
4300 2.937758 1.000000
4300 2.937774 1.000000
4300 2.937764 1.000000
4300 2.953331 1.000000
4300 2.953369 1.000000
4300 2.953336 1.000000
4300 2.953416 1.000000
4300 2.953419 1.000000
4300 2.953345 1.000000
4300 2.953371 10.000000
4300 3.031460 10.000000
4300 2.937715 10.000000
4300 2.937797 10.000000
4300 2.937769 10.000000
4300 2.953283 10.000000
4300 2.953343 10.000000
4300 2.937706 10.000000
4300 2.937718 10.000000
4300 2.953281 10.000000
4300 2.953348 100.000000
4300 2.937712 100.000000
4300 3.281489 100.000000
4300 2.937722 100.000000
4300 2.953337 100.000000
4300 2.937712 100.000000
4300 2.953345 100.000000
4300 2.953277 100.000000
4300 2.937653 100.000000
4300 3.015775 100.000000
4300 2.953341 1000.000000
4300 2.953329 1000.000000
4300 2.961375 1000.000000
4300 2.812696 1000.000000
4300 2.953343 1000.000000
4300 2.828394 1000.000000
4300 2.953413 1000.000000
4300 2.953339 1000.000000
4300 2.953347 1000.000000
4300 2.828334 1000.000000
4300 2.969040 10000.000000
4300 2.843960 10000.000000
4300 2.812708 10000.000000
4300 2.947255 10000.000000
4300 2.953416 10000.000000
4300 2.953418 10000.000000
4300 2.828337 10000.000000
4300 2.828391 10000.000000
4300 2.828341 10000.000000
4300 2.953393 10000.000000
4300 2.984601 100000.000000
4300 2.859587 100000.000000
4300 2.609628 100000.000000
4300 2.359570 100000.000000
4300 2.968959 100000.000000
4300 2.843967 100000.000000
4300 2.734584 100000.000000
4300 2.843976 100000.000000
4300 2.843975 100000.000000
4300 3.031522 100000.000000
4300 3.015854 1000000.000000
4300 2.890827 1000000.000000
4300 3.015832 1000000.000000
4300 3.015849 1000000.000000
4300 3.031482 1000000.000000
4300 2.906488 1000000.000000
4300 2.140809 1000000.000000
4300 3.015838 1000000.000000
4300 2.640824 1000000.000000
4300 3.015853 1000000.000000
4400 3.078343 1.000000
4400 3.078412 1.000000
4400 3.094037 1.000000
4400 3.078351 1.000000
4400 3.093983 1.000000
4400 3.078333 1.000000
4400 3.106448 1.000000
4400 3.093984 1.000000
4400 3.078336 1.000000
4400 3.078415 1.000000
4400 3.078353 10.000000
4400 3.109671 10.000000
4400 3.078404 10.000000
4400 3.094044 10.000000
4400 3.140913 10.000000
4400 3.093972 10.000000
4400 3.094053 10.000000
4400 3.094039 10.000000
4400 3.078340 10.000000
4400 3.078352 10.000000
4400 3.093977 100.000000
4400 3.156547 100.000000
4400 3.093970 100.000000
4400 3.094044 100.000000
4400 3.078399 100.000000
4400 3.093981 100.000000
4400 3.094065 100.000000
4400 3.078330 100.000000
4400 3.109602 100.000000
4400 3.094036 100.000000
4400 3.093978 1000.000000
4400 3.094028 1000.000000
4400 2.953339 1000.000000
4400 2.953336 1000.000000
4400 2.969010 1000.000000
4400 3.093983 1000.000000
4400 3.093976 1000.000000
4400 2.961873 1000.000000
4400 3.078341 1000.000000
4400 2.828323 1000.000000
4400 2.953514 10000.000000
4400 2.969031 10000.000000
4400 3.031473 10000.000000
4400 2.953391 10000.000000
4400 2.703330 10000.000000
4400 3.093964 10000.000000
4400 2.828397 10000.000000
4400 2.968976 10000.000000
4400 2.828351 10000.000000
4400 2.953403 10000.000000
4400 2.734585 100000.000000
4400 2.968968 100000.000000
4400 2.984578 100000.000000
4400 3.219044 100000.000000
4400 3.109590 100000.000000
4400 2.719022 100000.000000
4400 2.984583 100000.000000
4400 2.968957 100000.000000
4400 3.109661 100000.000000
4400 2.984593 100000.000000
4400 3.094043 1000000.000000
4400 3.156473 1000000.000000
4400 3.031467 1000000.000000
4400 3.047034 1000000.000000
4400 2.890843 1000000.000000
4400 2.906467 1000000.000000
4400 2.484643 1000000.000000
4400 2.765830 1000000.000000
4400 3.015923 1000000.000000
4400 3.015778 1000000.000000
4500 3.234670 1.000000
4500 3.219099 1.000000
4500 3.234683 1.000000
4500 3.234755 1.000000
4500 3.234598 1.000000
4500 3.234690 1.000000
4500 3.218990 1.000000
4500 3.234600 1.000000
4500 3.234666 1.000000
4500 3.234610 1.000000
4500 3.234604 10.000000
4500 3.234614 10.000000
4500 3.234686 10.000000
4500 3.234669 10.000000
4500 3.281493 10.000000
4500 3.234673 10.000000
4500 3.234608 10.000000
4500 3.234614 10.000000
4500 3.234600 10.000000
4500 3.227034 10.000000
4500 3.234679 100.000000
4500 3.234662 100.000000
4500 3.234617 100.000000
4500 3.250292 100.000000
4500 3.250165 100.000000
4500 3.234685 100.000000
4500 3.234604 100.000000
4500 3.234670 100.000000
4500 3.234619 100.000000
4500 3.234611 100.000000
4500 3.250297 1000.000000
4500 3.093967 1000.000000
4500 3.234611 1000.000000
4500 3.093965 1000.000000
4500 3.234590 1000.000000
4500 3.234590 1000.000000
4500 3.234604 1000.000000
4500 3.109665 1000.000000
4500 3.109634 1000.000000
4500 3.234669 1000.000000
4500 2.984577 10000.000000
4500 2.953347 10000.000000
4500 3.109684 10000.000000
4500 2.828399 10000.000000
4500 3.234742 10000.000000
4500 3.234709 10000.000000
4500 3.109665 10000.000000
4500 3.250268 10000.000000
4500 3.234615 10000.000000
4500 2.953329 10000.000000
4500 3.265924 100000.000000
4500 3.015903 100000.000000
4500 2.984655 100000.000000
4500 3.125258 100000.000000
4500 3.125284 100000.000000
4500 3.125286 100000.000000
4500 2.859646 100000.000000
4500 2.984654 100000.000000
4500 3.000234 100000.000000
4500 2.984661 100000.000000
4500 3.312787 1000000.000000
4500 3.172167 1000000.000000
4500 3.031476 1000000.000000
4500 3.172172 1000000.000000
4500 3.297117 1000000.000000
4500 3.172112 1000000.000000
4500 3.312741 1000000.000000
4500 3.172108 1000000.000000
4500 3.375232 1000000.000000
4500 2.906524 1000000.000000
4600 3.375312 1.000000
4600 3.390865 1.000000
4600 3.375306 1.000000
4600 3.406483 1.000000
4600 3.375294 1.000000
4600 3.375243 1.000000
4600 3.390854 1.000000
4600 3.375236 1.000000
4600 3.375230 1.000000
4600 3.375239 1.000000
4600 3.406539 10.000000
4600 3.375247 10.000000
4600 3.406488 10.000000
4600 3.375234 10.000000
4600 3.453352 10.000000
4600 3.390794 10.000000
4600 3.390919 10.000000
4600 3.375243 10.000000
4600 3.368067 10.000000
4600 3.375307 10.000000
4600 3.390920 100.000000
4600 3.390939 100.000000
4600 3.390911 100.000000
4600 3.375232 100.000000
4600 3.375176 100.000000
4600 3.375236 100.000000
4600 3.359602 100.000000
4600 3.359608 100.000000
4600 3.375236 100.000000
4600 3.375240 100.000000
4600 3.234602 1000.000000
4600 3.375307 1000.000000
4600 3.406543 1000.000000
4600 3.453356 1000.000000
4600 3.375241 1000.000000
4600 3.375282 1000.000000
4600 3.312735 1000.000000
4600 3.383959 1000.000000
4600 3.390925 1000.000000
4600 3.250428 1000.000000
4600 3.234692 10000.000000
4600 3.375251 10000.000000
4600 3.390912 10000.000000
4600 3.234600 10000.000000
4600 3.390860 10000.000000
4600 3.250237 10000.000000
4600 3.234653 10000.000000
4600 3.375228 10000.000000
4600 3.250238 10000.000000
4600 3.375334 10000.000000
4600 3.265918 100000.000000
4600 3.109600 100000.000000
4600 3.406427 100000.000000
4600 3.406487 100000.000000
4600 3.422120 100000.000000
4600 3.265870 100000.000000
4600 3.109606 100000.000000
4600 3.406484 100000.000000
4600 3.125283 100000.000000
4600 3.406555 100000.000000
4600 3.469051 1000000.000000
4600 3.453428 1000000.000000
4600 3.515856 1000000.000000
4600 3.468985 1000000.000000
4600 3.015842 1000000.000000
4600 3.453412 1000000.000000
4600 3.297148 1000000.000000
4600 3.453376 1000000.000000
4600 3.453297 1000000.000000
4600 3.453361 1000000.000000
4700 3.547124 1.000000
4700 3.531571 1.000000
4700 3.547118 1.000000
4700 3.531555 1.000000
4700 3.531556 1.000000
4700 3.515930 1.000000
4700 3.531553 1.000000
4700 3.515873 1.000000
4700 3.531540 1.000000
4700 3.515873 1.000000
4700 3.531557 10.000000
4700 3.531701 10.000000
4700 3.531593 10.000000
4700 3.515931 10.000000
4700 3.531485 10.000000
4700 3.515945 10.000000
4700 3.531492 10.000000
4700 3.531483 10.000000
4700 3.531491 10.000000
4700 3.515925 10.000000
4700 3.531484 100.000000
4700 3.531584 100.000000
4700 3.531517 100.000000
4700 3.515917 100.000000
4700 3.547169 100.000000
4700 3.515919 100.000000
4700 3.531499 100.000000
4700 3.515934 100.000000
4700 3.515915 100.000000
4700 3.515859 100.000000
4700 3.531431 1000.000000
4700 3.531491 1000.000000
4700 3.375300 1000.000000
4700 3.531503 1000.000000
4700 3.531496 1000.000000
4700 3.515871 1000.000000
4700 3.531488 1000.000000
4700 3.531553 1000.000000
4700 3.531572 1000.000000
4700 3.375240 1000.000000
4700 3.390856 10000.000000
4700 3.575973 10000.000000
4700 3.375231 10000.000000
4700 3.531496 10000.000000
4700 3.625254 10000.000000
4700 3.265847 10000.000000
4700 3.390928 10000.000000
4700 3.250232 10000.000000
4700 3.093982 10000.000000
4700 3.375310 10000.000000
4700 3.562823 100000.000000
4700 3.406485 100000.000000
4700 3.422183 100000.000000
4700 3.562819 100000.000000
4700 3.562798 100000.000000
4700 3.422197 100000.000000
4700 2.953393 100000.000000
4700 3.562751 100000.000000
4700 2.968963 100000.000000
4700 3.406482 100000.000000
4700 3.172038 1000000.000000
4700 2.859597 1000000.000000
4700 3.609690 1000000.000000
4700 3.625257 1000000.000000
4700 3.594105 1000000.000000
4700 3.453370 1000000.000000
4700 2.703387 1000000.000000
4700 3.609687 1000000.000000
4700 3.156550 1000000.000000
4700 3.609685 1000000.000000
4800 3.687878 1.000000
4800 3.687817 1.000000
4800 3.672123 1.000000
4800 3.672263 1.000000
4800 3.672124 1.000000
4800 3.672184 1.000000
4800 3.672201 1.000000
4800 3.687815 1.000000
4800 3.676859 1.000000
4800 3.687750 1.000000
4800 3.687756 10.000000
4800 3.750246 10.000000
4800 3.672121 10.000000
4800 3.672137 10.000000
4800 3.734636 10.000000
4800 3.672127 10.000000
4800 3.687765 10.000000
4800 3.672127 10.000000
4800 3.672211 10.000000
4800 3.656562 10.000000
4800 3.703376 100.000000
4800 3.687800 100.000000
4800 3.672126 100.000000
4800 3.672065 100.000000
4800 3.687829 100.000000
4800 3.672201 100.000000
4800 3.672139 100.000000
4800 3.672133 100.000000
4800 3.672207 100.000000
4800 3.672181 100.000000
4800 3.515930 1000.000000
4800 3.672192 1000.000000
4800 3.672189 1000.000000
4800 3.687815 1000.000000
4800 3.672140 1000.000000
4800 3.672134 1000.000000
4800 3.515934 1000.000000
4800 3.672122 1000.000000
4800 3.672182 1000.000000
4800 3.672120 1000.000000
4800 3.687786 10000.000000
4800 3.531554 10000.000000
4800 3.218914 10000.000000
4800 3.672112 10000.000000
4800 3.515905 10000.000000
4800 3.375263 10000.000000
4800 3.219045 10000.000000
4800 3.218983 10000.000000
4800 3.672131 10000.000000
4800 3.531491 10000.000000
4800 3.719003 100000.000000
4800 3.703440 100000.000000
4800 3.703439 100000.000000
4800 3.547203 100000.000000
4800 3.547115 100000.000000
4800 3.406557 100000.000000
4800 3.719085 100000.000000
4800 3.547169 100000.000000
4800 3.406478 100000.000000
4800 3.390906 100000.000000
4800 3.609613 1000000.000000
4800 3.765886 1000000.000000
4800 3.765952 1000000.000000
4800 3.765890 1000000.000000
4800 3.656576 1000000.000000
4800 3.609685 1000000.000000
4800 3.297161 1000000.000000
4800 3.844007 1000000.000000
4800 3.594066 1000000.000000
4800 3.125283 1000000.000000
4900 3.906527 1.000000
4900 3.844063 1.000000
4900 3.828394 1.000000
4900 3.828449 1.000000
4900 3.812743 1.000000
4900 3.828393 1.000000
4900 3.828370 1.000000
4900 3.844010 1.000000
4900 3.844017 1.000000
4900 3.828374 1.000000
4900 3.844022 10.000000
4900 3.828389 10.000000
4900 3.828438 10.000000
4900 3.828442 10.000000
4900 3.890881 10.000000
4900 3.828430 10.000000
4900 3.828390 10.000000
4900 3.828506 10.000000
4900 3.844006 10.000000
4900 3.828398 10.000000
4900 3.844023 100.000000
4900 3.828388 100.000000
4900 3.828429 100.000000
4900 3.828376 100.000000
4900 3.828448 100.000000
4900 3.890880 100.000000
4900 3.828393 100.000000
4900 3.828388 100.000000
4900 3.828387 100.000000
4900 3.812883 100.000000
4900 3.672195 1000.000000
4900 3.672136 1000.000000
4900 3.672186 1000.000000
4900 3.828461 1000.000000
4900 3.828439 1000.000000
4900 3.672185 1000.000000
4900 3.672145 1000.000000
4900 3.844013 1000.000000
4900 3.656557 1000.000000
4900 3.672182 1000.000000
4900 3.672223 10000.000000
4900 3.828382 10000.000000
4900 3.734615 10000.000000
4900 3.672134 10000.000000
4900 3.828327 10000.000000
4900 3.719013 10000.000000
4900 3.844073 10000.000000
4900 3.687758 10000.000000
4900 3.875253 10000.000000
4900 3.500232 10000.000000
4900 3.531552 100000.000000
4900 3.859685 100000.000000
4900 3.859673 100000.000000
4900 3.703448 100000.000000
4900 3.547125 100000.000000
4900 3.687797 100000.000000
4900 3.703429 100000.000000
4900 3.703385 100000.000000
4900 3.687745 100000.000000
4900 3.859714 100000.000000
4900 3.922201 1000000.000000
4900 3.937832 1000000.000000
4900 4.031515 1000000.000000
4900 3.437803 1000000.000000
4900 3.750243 1000000.000000
4900 3.765943 1000000.000000
4900 3.578426 1000000.000000
4900 3.765950 1000000.000000
4900 3.594002 1000000.000000
4900 3.922183 1000000.000000
5000 3.984764 1.000000
5000 3.984719 1.000000
5000 4.000310 1.000000
5000 3.984634 1.000000
5000 3.984682 1.000000
5000 3.984722 1.000000
5000 4.000330 1.000000
5000 3.984685 1.000000
5000 3.984686 1.000000
5000 3.984710 1.000000
5000 4.000252 10.000000
5000 3.984690 10.000000
5000 3.969009 10.000000
5000 3.984639 10.000000
5000 3.969027 10.000000
5000 3.984692 10.000000
5000 4.000282 10.000000
5000 3.969026 10.000000
5000 3.984710 10.000000
5000 3.984686 10.000000
5000 3.984715 100.000000
5000 3.984652 100.000000
5000 3.984655 100.000000
5000 3.984643 100.000000
5000 3.969152 100.000000
5000 3.969021 100.000000
5000 4.000311 100.000000
5000 3.984723 100.000000
5000 3.984628 100.000000
5000 3.984689 100.000000
5000 3.812806 1000.000000
5000 3.828454 1000.000000
5000 3.812828 1000.000000
5000 4.000263 1000.000000
5000 3.812755 1000.000000
5000 3.984648 1000.000000
5000 3.828454 1000.000000
5000 3.656561 1000.000000
5000 4.047185 1000.000000
5000 3.984696 1000.000000
5000 3.828429 10000.000000
5000 3.984640 10000.000000
5000 3.859641 10000.000000
5000 3.828445 10000.000000
5000 4.000272 10000.000000
5000 3.812828 10000.000000
5000 3.984633 10000.000000
5000 3.828389 10000.000000
5000 3.984641 10000.000000
5000 3.875299 10000.000000
5000 3.687837 100000.000000
5000 4.015970 100000.000000
5000 3.859624 100000.000000
5000 3.187791 100000.000000
5000 3.844070 100000.000000
5000 4.015967 100000.000000
5000 4.015951 100000.000000
5000 3.687797 100000.000000
5000 3.687749 100000.000000
5000 4.015947 100000.000000
5000 4.156584 1000000.000000
5000 3.906569 1000000.000000
5000 3.906522 1000000.000000
5000 3.890955 1000000.000000
5000 3.562737 1000000.000000
5000 4.078450 1000000.000000
5000 3.734626 1000000.000000
5000 3.734674 1000000.000000
5000 4.094027 1000000.000000
5000 4.094021 1000000.000000
5100 4.140976 1.000000
5100 4.140975 1.000000
5100 4.140963 1.000000
5100 4.140953 1.000000
5100 4.151910 1.000000
5100 4.140971 1.000000
5100 4.234659 1.000000
5100 4.140926 1.000000
5100 4.140952 1.000000
5100 4.156580 1.000000
5100 4.140965 10.000000
5100 4.140901 10.000000
5100 4.140963 10.000000
5100 4.156598 10.000000
5100 4.125277 10.000000
5100 4.172155 10.000000
5100 4.140902 10.000000
5100 4.156600 10.000000
5100 4.140951 10.000000
5100 4.140905 10.000000
5100 4.140895 100.000000
5100 4.156589 100.000000
5100 4.140909 100.000000
5100 4.140902 100.000000
5100 4.203459 100.000000
5100 4.140892 100.000000
5100 4.140904 100.000000
5100 4.156502 100.000000
5100 4.156573 100.000000
5100 4.265990 100.000000
5100 4.140976 1000.000000
5100 4.156640 1000.000000
5100 4.187838 1000.000000
5100 4.422158 1000.000000
5100 4.156524 1000.000000
5100 3.969021 1000.000000
5100 4.140957 1000.000000
5100 4.140976 1000.000000
5100 4.156528 1000.000000
5100 4.437857 1000.000000
5100 4.156528 10000.000000
5100 4.641004 10000.000000
5100 3.995229 10000.000000
5100 4.156463 10000.000000
5100 4.140899 10000.000000
5100 3.828373 10000.000000
5100 3.640939 10000.000000
5100 4.703361 10000.000000
5100 3.969011 10000.000000
5100 3.969073 10000.000000
5100 4.188000 100000.000000
5100 3.484616 100000.000000
5100 3.828322 100000.000000
5100 3.484685 100000.000000
5100 4.172165 100000.000000
5100 4.234593 100000.000000
5100 4.015901 100000.000000
5100 4.109644 100000.000000
5100 3.844016 100000.000000
5100 4.187866 100000.000000
5100 4.250284 1000000.000000
5100 3.687743 1000000.000000
5100 3.890957 1000000.000000
5100 4.125316 1000000.000000
5100 4.250323 1000000.000000
5100 4.297203 1000000.000000
5100 3.719023 1000000.000000
5100 4.234651 1000000.000000
5100 4.047200 1000000.000000
5100 4.078466 1000000.000000
5200 4.312893 1.000000
5200 4.297205 1.000000
5200 4.297360 1.000000
5200 4.297228 1.000000
5200 4.312852 1.000000
5200 4.297207 1.000000
5200 4.312844 1.000000
5200 4.312862 1.000000
5200 4.312910 1.000000
5200 4.312773 1.000000
5200 4.312938 10.000000
5200 4.297168 10.000000
5200 4.328458 10.000000
5200 4.359712 10.000000
5200 4.312854 10.000000
5200 4.297223 10.000000
5200 4.312855 10.000000
5200 4.312785 10.000000
5200 4.375277 10.000000
5200 4.312774 10.000000
5200 4.312869 100.000000
5200 4.312852 100.000000
5200 4.312859 100.000000
5200 4.312872 100.000000
5200 4.312855 100.000000
5200 4.312769 100.000000
5200 4.297269 100.000000
5200 4.312858 100.000000
5200 4.312847 100.000000
5200 4.312825 100.000000
5200 4.125341 1000.000000
5200 4.125340 1000.000000
5200 4.297196 1000.000000
5200 4.312722 1000.000000
5200 4.297271 1000.000000
5200 4.312789 1000.000000
5200 4.125326 1000.000000
5200 4.125323 1000.000000
5200 4.125347 1000.000000
5200 4.125282 1000.000000
5200 3.953996 10000.000000
5200 4.312890 10000.000000
5200 4.125396 10000.000000
5200 4.140909 10000.000000
5200 3.937770 10000.000000
5200 4.328473 10000.000000
5200 4.125327 10000.000000
5200 4.140901 10000.000000
5200 4.015906 10000.000000
5200 4.125329 10000.000000
5200 3.797150 100000.000000
5200 4.359668 100000.000000
5200 4.172159 100000.000000
5200 4.203460 100000.000000
5200 4.172219 100000.000000
5200 4.172151 100000.000000
5200 4.344038 100000.000000
5200 4.344032 100000.000000
5200 4.406603 100000.000000
5200 4.344079 100000.000000
5200 4.406602 1000000.000000
5200 4.406547 1000000.000000
5200 3.859691 1000000.000000
5200 4.281572 1000000.000000
5200 4.406582 1000000.000000
5200 4.422217 1000000.000000
5200 4.406544 1000000.000000
5200 4.406606 1000000.000000
5200 4.422171 1000000.000000
5200 4.031581 1000000.000000
5300 4.469087 1.000000
5300 4.453517 1.000000
5300 4.469049 1.000000
5300 4.453457 1.000000
5300 4.500358 1.000000
5300 4.469091 1.000000
5300 4.469104 1.000000
5300 4.462489 1.000000
5300 4.469094 1.000000
5300 4.469097 1.000000
5300 4.484774 10.000000
5300 4.469177 10.000000
5300 4.469046 10.000000
5300 4.484743 10.000000
5300 4.493821 10.000000
5300 4.469113 10.000000
5300 4.469107 10.000000
5300 4.515988 10.000000
5300 4.469101 10.000000
5300 4.453486 10.000000
5300 4.469104 100.000000
5300 4.475070 100.000000
5300 4.469114 100.000000
5300 4.484677 100.000000
5300 4.531663 100.000000
5300 4.453488 100.000000
5300 4.469109 100.000000
5300 4.469037 100.000000
5300 4.457007 100.000000
5300 4.469052 100.000000
5300 4.484737 1000.000000
5300 4.469097 1000.000000
5300 4.390907 1000.000000
5300 4.281545 1000.000000
5300 4.469032 1000.000000
5300 4.453474 1000.000000
5300 4.500352 1000.000000
5300 4.469111 1000.000000
5300 4.469094 1000.000000
5300 4.281639 1000.000000
5300 4.281537 10000.000000
5300 4.281527 10000.000000
5300 4.281596 10000.000000
5300 4.469112 10000.000000
5300 4.281599 10000.000000
5300 4.469172 10000.000000
5300 4.469033 10000.000000
5300 4.453482 10000.000000
5300 4.344073 10000.000000
5300 4.484700 10000.000000
5300 4.515924 100000.000000
5300 4.500302 100000.000000
5300 3.937825 100000.000000
5300 4.328479 100000.000000
5300 4.125324 100000.000000
5300 4.515984 100000.000000
5300 4.515985 100000.000000
5300 4.515994 100000.000000
5300 4.125323 100000.000000
5300 4.500349 100000.000000
5300 3.812743 1000000.000000
5300 4.000331 1000000.000000
5300 4.000325 1000000.000000
5300 4.375296 1000000.000000
5300 4.000275 1000000.000000
5300 4.562791 1000000.000000
5300 4.000275 1000000.000000
5300 4.578472 1000000.000000
5300 4.578486 1000000.000000
5300 4.562876 1000000.000000
5400 4.656607 1.000000
5400 4.625361 1.000000
5400 4.640996 1.000000
5400 4.625370 1.000000
5400 4.656655 1.000000
5400 4.640984 1.000000
5400 4.625309 1.000000
5400 4.703480 1.000000
5400 4.625341 1.000000
5400 4.625376 1.000000
5400 5.156684 10.000000
5400 4.656602 10.000000
5400 5.172334 10.000000
5400 4.640931 10.000000
5400 4.625363 10.000000
5400 5.156635 10.000000
5400 4.656554 10.000000
5400 5.156647 10.000000
5400 4.703482 10.000000
5400 4.641066 10.000000
5400 5.156676 100.000000
5400 4.656629 100.000000
5400 5.156707 100.000000
5400 4.625293 100.000000
5400 4.640987 100.000000
5400 5.172216 100.000000
5400 4.656622 100.000000
5400 5.156632 100.000000
5400 4.640990 100.000000
5400 4.703470 100.000000
5400 5.156628 1000.000000
5400 4.469105 1000.000000
5400 5.156687 1000.000000
5400 4.437847 1000.000000
5400 4.453423 1000.000000
5400 4.953496 1000.000000
5400 4.484717 1000.000000
5400 5.156637 1000.000000
5400 4.422295 1000.000000
5400 4.625290 1000.000000
5400 4.953559 10000.000000
5400 4.656595 10000.000000
5400 4.953523 10000.000000
5400 4.625359 10000.000000
5400 4.625293 10000.000000
5400 4.734670 10000.000000
5400 4.656549 10000.000000
5400 4.969169 10000.000000
5400 4.437791 10000.000000
5400 4.437935 10000.000000
5400 5.203519 100000.000000
5400 3.718998 100000.000000
5400 5.203452 100000.000000
5400 4.469043 100000.000000
5400 4.109700 100000.000000
5400 4.969121 100000.000000
5400 4.312771 100000.000000
5400 4.765991 100000.000000
5400 4.672169 100000.000000
5400 4.672294 100000.000000
5400 5.047267 1000000.000000
5400 4.766048 1000000.000000
5400 4.828485 1000000.000000
5400 4.344025 1000000.000000
5400 4.344082 1000000.000000
5400 5.266017 1000000.000000
5400 4.359731 1000000.000000
5400 5.266087 1000000.000000
5400 4.735099 1000000.000000
5400 4.547233 1000000.000000
5500 4.797376 1.000000
5500 4.812864 1.000000
5500 4.812915 1.000000
5500 4.797190 1.000000
5500 4.875379 1.000000
5500 4.797242 1.000000
5500 4.797245 1.000000
5500 4.797282 1.000000
5500 4.812951 1.000000
5500 4.797249 1.000000
5500 4.797235 10.000000
5500 4.797234 10.000000
5500 4.797232 10.000000
5500 4.797257 10.000000
5500 4.812806 10.000000
5500 4.844101 10.000000
5500 4.812811 10.000000
5500 4.812896 10.000000
5500 4.797175 10.000000
5500 4.797331 10.000000
5500 4.797238 100.000000
5500 4.797281 100.000000
5500 4.797260 100.000000
5500 4.812877 100.000000
5500 4.812873 100.000000
5500 4.797227 100.000000
5500 4.859682 100.000000
5500 4.797260 100.000000
5500 4.812854 100.000000
5500 4.797310 100.000000
5500 4.812876 1000.000000
5500 4.812854 1000.000000
5500 4.797305 1000.000000
5500 4.797241 1000.000000
5500 4.797248 1000.000000
5500 4.609741 1000.000000
5500 4.609682 1000.000000
5500 4.875359 1000.000000
5500 4.797248 1000.000000
5500 4.594115 1000.000000
5500 4.609742 10000.000000
5500 4.812880 10000.000000
5500 4.609761 10000.000000
5500 4.812856 10000.000000
5500 4.622715 10000.000000
5500 4.390975 10000.000000
5500 4.859790 10000.000000
5500 4.594098 10000.000000
5500 4.594114 10000.000000
5500 4.609744 10000.000000
5500 4.656614 100000.000000
5500 4.437851 100000.000000
5500 4.640997 100000.000000
5500 4.859699 100000.000000
5500 4.234715 100000.000000
5500 4.844103 100000.000000
5500 4.656611 100000.000000
5500 4.656623 100000.000000
5500 4.859678 100000.000000
5500 4.453404 100000.000000
5500 4.703490 1000000.000000
5500 4.703428 1000000.000000
5500 4.984740 1000000.000000
5500 4.703427 1000000.000000
