100 0.004221 2.000000
100 0.003580 2.000000
100 0.003145 2.000000
100 0.002974 2.000000
100 0.002989 2.000000
100 0.003054 2.000000
100 0.002993 2.000000
100 0.003047 2.000000
100 0.003041 2.000000
100 0.002961 2.000000
100 0.003020 4.000000
100 0.002994 4.000000
100 0.002977 4.000000
100 0.003026 4.000000
100 0.002961 4.000000
100 0.003007 4.000000
100 0.003020 4.000000
100 0.003031 4.000000
100 0.002997 4.000000
100 0.003068 4.000000
100 0.003015 8.000000
100 0.003025 8.000000
100 0.003041 8.000000
100 0.003022 8.000000
100 0.003076 8.000000
100 0.002961 8.000000
100 0.003010 8.000000
100 0.002970 8.000000
100 0.003065 8.000000
100 0.002999 8.000000
100 0.002978 16.000000
100 0.003051 16.000000
100 0.002950 16.000000
100 0.002981 16.000000
100 0.003035 16.000000
100 0.003014 16.000000
100 0.003008 16.000000
100 0.003014 16.000000
100 0.002986 16.000000
100 0.003027 16.000000
100 0.003028 32.000000
100 0.002976 32.000000
100 0.003012 32.000000
100 0.002950 32.000000
100 0.002954 32.000000
100 0.003011 32.000000
100 0.002945 32.000000
100 0.002999 32.000000
100 0.002956 32.000000
100 0.002958 32.000000
100 0.003008 64.000000
100 0.003051 64.000000
100 0.003073 64.000000
100 0.002956 64.000000
100 0.003027 64.000000
100 0.003009 64.000000
100 0.003008 64.000000
100 0.003017 64.000000
100 0.002976 64.000000
100 0.003047 64.000000
100 0.003054 128.000000
100 0.002971 128.000000
100 0.003062 128.000000
100 0.002987 128.000000
100 0.002928 128.000000
100 0.002991 128.000000
100 0.003059 128.000000
100 0.002959 128.000000
100 0.003013 128.000000
100 0.002976 128.000000
100 0.002954 256.000000
100 0.003023 256.000000
100 0.002936 256.000000
100 0.002949 256.000000
100 0.003016 256.000000
100 0.002954 256.000000
100 0.003008 256.000000
100 0.002981 256.000000
100 0.002950 256.000000
100 0.003012 256.000000
100 0.003011 512.000000
100 0.002941 512.000000
100 0.002983 512.000000
100 0.002994 512.000000
100 0.003054 512.000000
100 0.002958 512.000000
100 0.003043 512.000000
100 0.003026 512.000000
100 0.002976 512.000000
100 0.003023 512.000000
100 0.002973 1024.000000
100 0.003009 1024.000000
100 0.003011 1024.000000
100 0.002975 1024.000000
100 0.002946 1024.000000
100 0.002992 1024.000000
100 0.002961 1024.000000
100 0.002965 1024.000000
100 0.003001 1024.000000
100 0.003024 1024.000000
100 0.004051 2.000000
100 0.003396 2.000000
100 0.003006 2.000000
100 0.003031 2.000000
100 0.002990 2.000000
100 0.002951 2.000000
100 0.002994 2.000000
100 0.002989 2.000000
100 0.002979 2.000000
100 0.002948 2.000000
100 0.002951 4.000000
100 0.002996 4.000000
100 0.002999 4.000000
100 0.002938 4.000000
100 0.002995 4.000000
100 0.002952 4.000000
100 0.002988 4.000000
100 0.002961 4.000000
100 0.002984 4.000000
100 0.003012 4.000000
100 0.002955 8.000000
100 0.003019 8.000000
100 0.002932 8.000000
100 0.003008 8.000000
100 0.002966 8.000000
100 0.003009 8.000000
100 0.002984 8.000000
100 0.002936 8.000000
100 0.002983 8.000000
100 0.002994 8.000000
100 0.002990 16.000000
100 0.002980 16.000000
100 0.003003 16.000000
100 0.002992 16.000000
100 0.002964 16.000000
100 0.002997 16.000000
100 0.002998 16.000000
100 0.002935 16.000000
100 0.002934 16.000000
100 0.003017 16.000000
100 0.002935 32.000000
100 0.002971 32.000000
100 0.002915 32.000000
100 0.002993 32.000000
100 0.003001 32.000000
100 0.003023 32.000000
100 0.002929 32.000000
100 0.003003 32.000000
100 0.002973 32.000000
100 0.002988 32.000000
100 0.002949 64.000000
100 0.003018 64.000000
100 0.002935 64.000000
100 0.002936 64.000000
100 0.002992 64.000000
100 0.002985 64.000000
100 0.003003 64.000000
100 0.002985 64.000000
100 0.002972 64.000000
100 0.002990 64.000000
100 0.002963 128.000000
100 0.003041 128.000000
100 0.002932 128.000000
100 0.002948 128.000000
100 0.002989 128.000000
100 0.002976 128.000000
100 0.002961 128.000000
100 0.003002 128.000000
100 0.002984 128.000000
100 0.002986 128.000000
100 0.002979 256.000000
100 0.003021 256.000000
100 0.002991 256.000000
100 0.002998 256.000000
100 0.002998 256.000000
100 0.003015 256.000000
100 0.003018 256.000000
100 0.002987 256.000000
100 0.003017 256.000000
100 0.003023 256.000000
100 0.003016 512.000000
100 0.002985 512.000000
100 0.003016 512.000000
100 0.002998 512.000000
100 0.002937 512.000000
100 0.002944 512.000000
100 0.002939 512.000000
100 0.002967 512.000000
100 0.002996 512.000000
100 0.002996 512.000000
100 0.002941 1024.000000
100 0.003028 1024.000000
100 0.003038 1024.000000
100 0.003007 1024.000000
100 0.002995 1024.000000
100 0.002972 1024.000000
100 0.002951 1024.000000
100 0.003008 1024.000000
100 0.002994 1024.000000
100 0.002977 1024.000000
100 0.003963 2.000000
100 0.003462 2.000000
100 0.003108 2.000000
100 0.003083 2.000000
100 0.003014 2.000000
100 0.003036 2.000000
100 0.003033 2.000000
100 0.003053 2.000000
100 0.003050 2.000000
100 0.003251 2.000000
100 0.003015 4.000000
100 0.003064 4.000000
100 0.003139 4.000000
100 0.003052 4.000000
100 0.003019 4.000000
100 0.003118 4.000000
100 0.003014 4.000000
100 0.003029 4.000000
100 0.003112 4.000000
100 0.003017 4.000000
100 0.003030 8.000000
100 0.003262 8.000000
100 0.003013 8.000000
100 0.003025 8.000000
100 0.003133 8.000000
100 0.003027 8.000000
100 0.003043 8.000000
100 0.003118 8.000000
100 0.003026 8.000000
100 0.003021 8.000000
100 0.003108 16.000000
100 0.003040 16.000000
100 0.003033 16.000000
100 0.003090 16.000000
100 0.003024 16.000000
100 0.003041 16.000000
100 0.003109 16.000000
100 0.003015 16.000000
100 0.003017 16.000000
100 0.003130 16.000000
100 0.003033 32.000000
100 0.003032 32.000000
100 0.003084 32.000000
100 0.003006 32.000000
100 0.003029 32.000000
100 0.003115 32.000000
100 0.003014 32.000000
100 0.003014 32.000000
100 0.003162 32.000000
100 0.003027 32.000000
100 0.003047 64.000000
100 0.003112 64.000000
100 0.003021 64.000000
100 0.003045 64.000000
100 0.003111 64.000000
100 0.003016 64.000000
100 0.003036 64.000000
100 0.003143 64.000000
100 0.003028 64.000000
100 0.003010 64.000000
100 0.003249 128.000000
100 0.003026 128.000000
100 0.003015 128.000000
100 0.003099 128.000000
100 0.003041 128.000000
100 0.003064 128.000000
100 0.003110 128.000000
100 0.003089 128.000000
100 0.003020 128.000000
100 0.003117 128.000000
100 0.003033 256.000000
100 0.003026 256.000000
100 0.003116 256.000000
100 0.003013 256.000000
100 0.003040 256.000000
100 0.003148 256.000000
100 0.003035 256.000000
100 0.003018 256.000000
100 0.003120 256.000000
100 0.003027 256.000000
100 0.003012 512.000000
100 0.003178 512.000000
100 0.003020 512.000000
100 0.003007 512.000000
100 0.003182 512.000000
100 0.003009 512.000000
100 0.003015 512.000000
100 0.003119 512.000000
100 0.003032 512.000000
100 0.003033 512.000000
100 0.003115 1024.000000
100 0.003014 1024.000000
100 0.003012 1024.000000
100 0.003119 1024.000000
100 0.003009 1024.000000
100 0.003017 1024.000000
100 0.003164 1024.000000
100 0.003018 1024.000000
100 0.003027 1024.000000
100 0.003166 1024.000000
200 0.021759 2.000000
200 0.021404 2.000000
200 0.021493 2.000000
200 0.021445 2.000000
200 0.021515 2.000000
200 0.021647 2.000000
200 0.021718 2.000000
200 0.021517 2.000000
200 0.021495 2.000000
200 0.021413 2.000000
200 0.021432 4.000000
200 0.021300 4.000000
200 0.021712 4.000000
200 0.021741 4.000000
200 0.021618 4.000000
200 0.022711 4.000000
200 0.022968 4.000000
200 0.022969 4.000000
200 0.022601 4.000000
200 0.021555 4.000000
200 0.021544 8.000000
200 0.021805 8.000000
200 0.021626 8.000000
200 0.021491 8.000000
200 0.022488 8.000000
200 0.022536 8.000000
200 0.021628 8.000000
200 0.021747 8.000000
200 0.021458 8.000000
200 0.021371 8.000000
200 0.021430 16.000000
200 0.021405 16.000000
200 0.021567 16.000000
200 0.021338 16.000000
200 0.021713 16.000000
200 0.021619 16.000000
200 0.022176 16.000000
200 0.022288 16.000000
200 0.021534 16.000000
200 0.021609 16.000000
200 0.021525 32.000000
200 0.021433 32.000000
200 0.021472 32.000000
200 0.021477 32.000000
200 0.021945 32.000000
200 0.021592 32.000000
200 0.021431 32.000000
200 0.021343 32.000000
200 0.021668 32.000000
200 0.021990 32.000000
200 0.021614 64.000000
200 0.021710 64.000000
200 0.021491 64.000000
200 0.021761 64.000000
200 0.021806 64.000000
200 0.021411 64.000000
200 0.021579 64.000000
200 0.021486 64.000000
200 0.021541 64.000000
200 0.022138 64.000000
200 0.021544 128.000000
200 0.021628 128.000000
200 0.021704 128.000000
200 0.021798 128.000000
200 0.021367 128.000000
200 0.021457 128.000000
200 0.021487 128.000000
200 0.022602 128.000000
200 0.022446 128.000000
200 0.021455 128.000000
200 0.021498 256.000000
200 0.021509 256.000000
200 0.021568 256.000000
200 0.021463 256.000000
200 0.021590 256.000000
200 0.021468 256.000000
200 0.021597 256.000000
200 0.021994 256.000000
200 0.021710 256.000000
200 0.021663 256.000000
200 0.021552 512.000000
200 0.021512 512.000000
200 0.021515 512.000000
200 0.021572 512.000000
200 0.021471 512.000000
200 0.022630 512.000000
200 0.021644 512.000000
200 0.021480 512.000000
200 0.022375 512.000000
200 0.021420 512.000000
200 0.021516 1024.000000
200 0.022100 1024.000000
200 0.022500 1024.000000
200 0.021605 1024.000000
200 0.022545 1024.000000
200 0.022281 1024.000000
200 0.021502 1024.000000
200 0.021448 1024.000000
200 0.021550 1024.000000
200 0.021508 1024.000000
300 0.072488 2.000000
300 0.070807 2.000000
300 0.070310 2.000000
300 0.072920 2.000000
300 0.072536 2.000000
300 0.072523 2.000000
300 0.072896 2.000000
300 0.072441 2.000000
300 0.072880 2.000000
300 0.072290 2.000000
300 0.069652 4.000000
300 0.069457 4.000000
300 0.072147 4.000000
300 0.069792 4.000000
300 0.069765 4.000000
300 0.071299 4.000000
300 0.070258 4.000000
300 0.069797 4.000000
300 0.069577 4.000000
300 0.069523 4.000000
300 0.069600 8.000000
300 0.069786 8.000000
300 0.073223 8.000000
300 0.069653 8.000000
300 0.072356 8.000000
300 0.073711 8.000000
300 0.072210 8.000000
300 0.072070 8.000000
300 0.072604 8.000000
300 0.072571 8.000000
300 0.072460 16.000000
300 0.074356 16.000000
300 0.072490 16.000000
300 0.072538 16.000000
300 0.072814 16.000000
300 0.072799 16.000000
300 0.070385 16.000000
300 0.069386 16.000000
300 0.071146 16.000000
300 0.071030 16.000000
300 0.070397 32.000000
300 0.071851 32.000000
300 0.072617 32.000000
300 0.072202 32.000000
300 0.072057 32.000000
300 0.072350 32.000000
300 0.072383 32.000000
300 0.072250 32.000000
300 0.072611 32.000000
300 0.072332 32.000000
300 0.072590 64.000000
300 0.071819 64.000000
300 0.072421 64.000000
300 0.072226 64.000000
300 0.072041 64.000000
300 0.071649 64.000000
300 0.069563 64.000000
300 0.072037 64.000000
300 0.071913 64.000000
300 0.072162 64.000000
300 0.072241 128.000000
300 0.071652 128.000000
300 0.072562 128.000000
300 0.069591 128.000000
300 0.069725 128.000000
300 0.069795 128.000000
300 0.069962 128.000000
300 0.070001 128.000000
300 0.069591 128.000000
300 0.070098 128.000000
300 0.069678 256.000000
300 0.069723 256.000000
300 0.070816 256.000000
300 0.069571 256.000000
300 0.069939 256.000000
300 0.070380 256.000000
300 0.069966 256.000000
300 0.069871 256.000000
300 0.069811 256.000000
300 0.069911 256.000000
300 0.069986 512.000000
300 0.069931 512.000000
300 0.069768 512.000000
300 0.069639 512.000000
300 0.069719 512.000000
300 0.069653 512.000000
300 0.070150 512.000000
300 0.070039 512.000000
300 0.070319 512.000000
300 0.069724 512.000000
300 0.069740 1024.000000
300 0.069654 1024.000000
300 0.070106 1024.000000
300 0.069607 1024.000000
300 0.069583 1024.000000
300 0.069383 1024.000000
300 0.070286 1024.000000
300 0.069978 1024.000000
300 0.071307 1024.000000
300 0.070266 1024.000000
400 0.163824 2.000000
400 0.164114 2.000000
400 0.163239 2.000000
400 0.166794 2.000000
400 0.163616 2.000000
400 0.163530 2.000000
400 0.166144 2.000000
400 0.164179 2.000000
400 0.163048 2.000000
400 0.164332 2.000000
400 0.175357 4.000000
400 0.163078 4.000000
400 0.162882 4.000000
400 0.163380 4.000000
400 0.162604 4.000000
400 0.162555 4.000000
400 0.162816 4.000000
400 0.168021 4.000000
400 0.163900 4.000000
400 0.169527 4.000000
400 0.169671 8.000000
400 0.170041 8.000000
400 0.170320 8.000000
400 0.170048 8.000000
400 0.162877 8.000000
400 0.168157 8.000000
400 0.162621 8.000000
400 0.163476 8.000000
400 0.162261 8.000000
400 0.162155 8.000000
400 0.164323 16.000000
400 0.163916 16.000000
400 0.164236 16.000000
400 0.165009 16.000000
400 0.165570 16.000000
400 0.162978 16.000000
400 0.163729 16.000000
400 0.163282 16.000000
400 0.164539 16.000000
400 0.162899 16.000000
400 0.162818 32.000000
400 0.169372 32.000000
400 0.170676 32.000000
400 0.171104 32.000000
400 0.162986 32.000000
400 0.169732 32.000000
400 0.169394 32.000000
400 0.171079 32.000000
400 0.163985 32.000000
400 0.169582 32.000000
400 0.169117 64.000000
400 0.169529 64.000000
400 0.169165 64.000000
400 0.173002 64.000000
400 0.163307 64.000000
400 0.163635 64.000000
400 0.161918 64.000000
400 0.162217 64.000000
400 0.163199 64.000000
400 0.162585 64.000000
400 0.162188 128.000000
400 0.162346 128.000000
400 0.163098 128.000000
400 0.162562 128.000000
400 0.162357 128.000000
400 0.162474 128.000000
400 0.162486 128.000000
400 0.162785 128.000000
400 0.162330 128.000000
400 0.162076 128.000000
400 0.162388 256.000000
400 0.162552 256.000000
400 0.162157 256.000000
400 0.162438 256.000000
400 0.163600 256.000000
400 0.162661 256.000000
400 0.162272 256.000000
400 0.162261 256.000000
400 0.162429 256.000000
400 0.162446 256.000000
400 0.162737 512.000000
400 0.162218 512.000000
400 0.162254 512.000000
400 0.163239 512.000000
400 0.162775 512.000000
400 0.162314 512.000000
400 0.163206 512.000000
400 0.162282 512.000000
400 0.162526 512.000000
400 0.162480 512.000000
400 0.162975 1024.000000
400 0.163063 1024.000000
400 0.162541 1024.000000
400 0.162339 1024.000000
400 0.163154 1024.000000
400 0.163525 1024.000000
400 0.164952 1024.000000
400 0.163157 1024.000000
400 0.163784 1024.000000
400 0.163033 1024.000000
500 0.314400 2.000000
500 0.314273 2.000000
500 0.313654 2.000000
500 0.313504 2.000000
500 0.313196 2.000000
500 0.314181 2.000000
500 0.314055 2.000000
500 0.313108 2.000000
500 0.313940 2.000000
500 0.313802 2.000000
500 0.313679 4.000000
500 0.312178 4.000000
500 0.313447 4.000000
500 0.315092 4.000000
500 0.339479 4.000000
500 0.314413 4.000000
500 0.313014 4.000000
500 0.314124 4.000000
500 0.313669 4.000000
500 0.313872 4.000000
500 0.314488 8.000000
500 0.312885 8.000000
500 0.313969 8.000000
500 0.312430 8.000000
500 0.315242 8.000000
500 0.313759 8.000000
500 0.312740 8.000000
500 0.313950 8.000000
500 0.313356 8.000000
500 0.313525 8.000000
500 0.313734 16.000000
500 0.313036 16.000000
500 0.314741 16.000000
500 0.314193 16.000000
500 0.313352 16.000000
500 0.316833 16.000000
500 0.312702 16.000000
500 0.313313 16.000000
500 0.315156 16.000000
500 0.314071 16.000000
500 0.314653 32.000000
500 0.313819 32.000000
500 0.314222 32.000000
500 0.313094 32.000000
500 0.313636 32.000000
500 0.313255 32.000000
500 0.314591 32.000000
500 0.312480 32.000000
500 0.314141 32.000000
500 0.313598 32.000000
500 0.313045 64.000000
500 0.313356 64.000000
500 0.312051 64.000000
500 0.312554 64.000000
500 0.313760 64.000000
500 0.312576 64.000000
500 0.313405 64.000000
500 0.312666 64.000000
500 0.313809 64.000000
500 0.314335 64.000000
500 0.312853 128.000000
500 0.313695 128.000000
500 0.313363 128.000000
500 0.314194 128.000000
500 0.314696 128.000000
500 0.313913 128.000000
500 0.312461 128.000000
500 0.314996 128.000000
500 0.329527 128.000000
500 0.314065 128.000000
500 0.313080 256.000000
500 0.314596 256.000000
500 0.312659 256.000000
500 0.314146 256.000000
500 0.312848 256.000000
500 0.313135 256.000000
500 0.314993 256.000000
500 0.314890 256.000000
500 0.314267 256.000000
500 0.313056 256.000000
500 0.314427 512.000000
500 0.313258 512.000000
500 0.315374 512.000000
500 0.313068 512.000000
500 0.314470 512.000000
500 0.313362 512.000000
500 0.313985 512.000000
500 0.313265 512.000000
500 0.314180 512.000000
500 0.313758 512.000000
500 0.313822 1024.000000
500 0.313425 1024.000000
500 0.313024 1024.000000
500 0.314141 1024.000000
500 0.312286 1024.000000
500 0.313379 1024.000000
500 0.312851 1024.000000
500 0.314040 1024.000000
500 0.314104 1024.000000
500 0.313522 1024.000000
600 0.538746 2.000000
600 0.538952 2.000000
600 0.538688 2.000000
600 0.554112 2.000000
600 0.539244 2.000000
600 0.539546 2.000000
600 0.539010 2.000000
600 0.540558 2.000000
600 0.581291 2.000000
600 0.540330 2.000000
600 0.540892 4.000000
600 0.545593 4.000000
600 0.540643 4.000000
600 0.538176 4.000000
600 0.539719 4.000000
600 0.540838 4.000000
600 0.565810 4.000000
600 0.539392 4.000000
600 0.540039 4.000000
600 0.540308 4.000000
600 0.558942 8.000000
600 0.547679 8.000000
600 0.542164 8.000000
600 0.537908 8.000000
600 0.540904 8.000000
600 0.536467 8.000000
600 0.535969 8.000000
600 0.545105 8.000000
600 0.537777 8.000000
600 0.536751 8.000000
600 0.537413 16.000000
600 0.537256 16.000000
600 0.536547 16.000000
600 0.535557 16.000000
600 0.536697 16.000000
600 0.541985 16.000000
600 0.549649 16.000000
600 0.545883 16.000000
600 0.539848 16.000000
600 0.558309 16.000000
600 0.538906 32.000000
600 0.537709 32.000000
600 0.539855 32.000000
600 0.544890 32.000000
600 0.536972 32.000000
600 0.536500 32.000000
600 0.542710 32.000000
600 0.541244 32.000000
600 0.565665 32.000000
600 0.544160 32.000000
600 0.538928 64.000000
600 0.582932 64.000000
600 0.544576 64.000000
600 0.537842 64.000000
600 0.536907 64.000000
600 0.538285 64.000000
600 0.537264 64.000000
600 0.537177 64.000000
600 0.548408 64.000000
600 0.539624 64.000000
600 0.571096 128.000000
600 0.537726 128.000000
600 0.571679 128.000000
600 0.567189 128.000000
600 0.570219 128.000000
600 0.538144 128.000000
600 0.536615 128.000000
600 0.537515 128.000000
600 0.544214 128.000000
600 0.537929 128.000000
600 0.535972 256.000000
600 0.539578 256.000000
600 0.537497 256.000000
600 0.537292 256.000000
600 0.537315 256.000000
600 0.550461 256.000000
600 0.551540 256.000000
600 0.537865 256.000000
600 0.540780 256.000000
600 0.540902 256.000000
600 0.575112 512.000000
600 0.554477 512.000000
600 0.574291 512.000000
600 0.567146 512.000000
600 0.573772 512.000000
600 0.550934 512.000000
600 0.546047 512.000000
600 0.545931 512.000000
600 0.545323 512.000000
600 0.544547 512.000000
600 0.537448 1024.000000
600 0.538007 1024.000000
600 0.537790 1024.000000
600 0.543762 1024.000000
600 0.537067 1024.000000
600 0.537230 1024.000000
600 0.536499 1024.000000
600 0.538818 1024.000000
600 0.537041 1024.000000
600 0.537745 1024.000000
700 0.850481 2.000000
700 0.853726 2.000000
700 0.848837 2.000000
700 0.849775 2.000000
700 0.850692 2.000000
700 0.851550 2.000000
700 0.849940 2.000000
700 0.849950 2.000000
700 0.850541 2.000000
700 0.849789 2.000000
700 0.849464 4.000000
700 0.850228 4.000000
700 0.849579 4.000000
700 0.850448 4.000000
700 0.852570 4.000000
700 0.850307 4.000000
700 0.851068 4.000000
700 0.852063 4.000000
700 0.850807 4.000000
700 0.850071 4.000000
700 0.849043 8.000000
700 0.850353 8.000000
700 0.896160 8.000000
700 0.850105 8.000000
700 0.850499 8.000000
700 0.852462 8.000000
700 0.851659 8.000000
700 0.851212 8.000000
700 0.850711 8.000000
700 0.850760 8.000000
700 0.849386 16.000000
700 0.849936 16.000000
700 0.850457 16.000000
700 0.850056 16.000000
700 0.888551 16.000000
700 0.852990 16.000000
700 0.874613 16.000000
700 0.851407 16.000000
700 0.879791 16.000000
700 0.850968 16.000000
700 0.876763 32.000000
700 0.853258 32.000000
700 0.850889 32.000000
700 0.851351 32.000000
700 0.872644 32.000000
700 0.891825 32.000000
700 0.852980 32.000000
700 0.874699 32.000000
700 0.855444 32.000000
700 0.852376 32.000000
700 0.853125 64.000000
700 0.856563 64.000000
700 0.852125 64.000000
700 0.853702 64.000000
700 0.853260 64.000000
700 0.848865 64.000000
700 0.849186 64.000000
700 0.850158 64.000000
700 0.847761 64.000000
700 0.850124 64.000000
700 0.849422 128.000000
700 0.849811 128.000000
700 0.847337 128.000000
700 0.847114 128.000000
700 0.846781 128.000000
700 0.846849 128.000000
700 0.847727 128.000000
700 0.848987 128.000000
700 0.847825 128.000000
700 0.848193 128.000000
700 0.847238 256.000000
700 0.847414 256.000000
700 0.849609 256.000000
700 0.848163 256.000000
700 0.848057 256.000000
700 0.848012 256.000000
700 0.848265 256.000000
700 0.851059 256.000000
700 0.849805 256.000000
700 0.848013 256.000000
700 0.848975 512.000000
700 0.848475 512.000000
700 0.848131 512.000000
700 0.847629 512.000000
700 0.847081 512.000000
700 0.847986 512.000000
700 0.848580 512.000000
700 0.846498 512.000000
700 0.847810 512.000000
700 0.849875 512.000000
700 0.847102 1024.000000
700 0.848334 1024.000000
700 0.847299 1024.000000
700 0.847377 1024.000000
700 0.848158 1024.000000
700 0.849097 1024.000000
700 0.848835 1024.000000
700 0.849462 1024.000000
700 0.846331 1024.000000
700 0.847182 1024.000000
800 1.322240 2.000000
800 1.318481 2.000000
800 1.260658 2.000000
800 1.260717 2.000000
800 1.262773 2.000000
800 1.261357 2.000000
800 1.266689 2.000000
800 1.262977 2.000000
800 1.261700 2.000000
800 1.261534 2.000000
800 1.262403 4.000000
800 1.262500 4.000000
800 1.262367 4.000000
800 1.261077 4.000000
800 1.261687 4.000000
800 1.260704 4.000000
800 1.261532 4.000000
800 1.267075 4.000000
800 1.263113 4.000000
800 1.262651 4.000000
800 1.261345 8.000000
800 1.264147 8.000000
800 1.264473 8.000000
800 1.263529 8.000000
800 1.262128 8.000000
800 1.260301 8.000000
800 1.260777 8.000000
800 1.261977 8.000000
800 1.261668 8.000000
800 1.261231 8.000000
800 1.260933 16.000000
800 1.261137 16.000000
800 1.260240 16.000000
800 1.265780 16.000000
800 1.260645 16.000000
800 1.261095 16.000000
800 1.259885 16.000000
800 1.261028 16.000000
800 1.262837 16.000000
800 1.259851 16.000000
800 1.262863 32.000000
800 1.261412 32.000000
800 1.266650 32.000000
800 1.262352 32.000000
800 1.266283 32.000000
800 1.261044 32.000000
800 1.260617 32.000000
800 1.266042 32.000000
800 1.262369 32.000000
800 1.260242 32.000000
800 1.262582 64.000000
800 1.261690 64.000000
800 1.262515 64.000000
800 1.260021 64.000000
800 1.260807 64.000000
800 1.261938 64.000000
800 1.262932 64.000000
800 1.262874 64.000000
800 1.261619 64.000000
800 1.276170 64.000000
800 1.262661 128.000000
800 1.261028 128.000000
800 1.264133 128.000000
800 1.291695 128.000000
800 1.261264 128.000000
800 1.260457 128.000000
800 1.260597 128.000000
800 1.260792 128.000000
800 1.260539 128.000000
800 1.262590 128.000000
800 1.261055 256.000000
800 1.263494 256.000000
800 1.261600 256.000000
800 1.264225 256.000000
800 1.260990 256.000000
800 1.262157 256.000000
800 1.261937 256.000000
800 1.260421 256.000000
800 1.261062 256.000000
800 1.261421 256.000000
800 1.261489 512.000000
800 1.261848 512.000000
800 1.260379 512.000000
800 1.260398 512.000000
800 1.260485 512.000000
800 1.259875 512.000000
800 1.261751 512.000000
800 1.262103 512.000000
800 1.263766 512.000000
800 1.261842 512.000000
800 1.263700 1024.000000
800 1.261670 1024.000000
800 1.261086 1024.000000
800 1.260464 1024.000000
800 1.260703 1024.000000
800 1.261723 1024.000000
800 1.264112 1024.000000
800 1.260284 1024.000000
800 1.261937 1024.000000
800 1.262133 1024.000000
900 1.808556 2.000000
900 1.809526 2.000000
900 1.810987 2.000000
900 1.809988 2.000000
900 1.807343 2.000000
900 1.809070 2.000000
900 1.807899 2.000000
900 1.808163 2.000000
900 1.808143 2.000000
900 1.807931 2.000000
900 1.808620 4.000000
900 1.897673 4.000000
900 1.811331 4.000000
900 1.809926 4.000000
900 1.807425 4.000000
900 1.808587 4.000000
900 1.810399 4.000000
900 1.810588 4.000000
900 1.806999 4.000000
900 1.807133 4.000000
900 1.808276 8.000000
900 1.808152 8.000000
900 1.808452 8.000000
900 1.866336 8.000000
900 1.814299 8.000000
900 1.808415 8.000000
900 1.809082 8.000000
900 1.811110 8.000000
900 1.809285 8.000000
900 1.808010 8.000000
900 1.808530 16.000000
900 1.807197 16.000000
900 1.810484 16.000000
900 1.808514 16.000000
900 1.807996 16.000000
900 1.808151 16.000000
900 1.816355 16.000000
900 1.808996 16.000000
900 1.799479 16.000000
900 1.798609 16.000000
900 1.800927 32.000000
900 1.859910 32.000000
900 1.802619 32.000000
900 1.799515 32.000000
900 1.799118 32.000000
900 1.800675 32.000000
900 1.802144 32.000000
900 1.798360 32.000000
900 1.800505 32.000000
900 1.799788 32.000000
900 1.799573 64.000000
900 1.798659 64.000000
900 1.801401 64.000000
900 1.799796 64.000000
900 1.798613 64.000000
900 1.798111 64.000000
900 1.798650 64.000000
900 1.812906 64.000000
900 1.803409 64.000000
900 1.803878 64.000000
900 1.802607 128.000000
900 1.799395 128.000000
900 1.801085 128.000000
900 1.802949 128.000000
900 1.798685 128.000000
900 1.800664 128.000000
900 1.805365 128.000000
900 1.802420 128.000000
900 1.802132 128.000000
900 1.801258 128.000000
900 1.802538 256.000000
900 1.801880 256.000000
900 1.802434 256.000000
900 1.803248 256.000000
900 1.802787 256.000000
900 1.802529 256.000000
900 1.798732 256.000000
900 1.800578 256.000000
900 1.798750 256.000000
900 1.801263 256.000000
900 1.856832 512.000000
900 1.805146 512.000000
900 1.803757 512.000000
900 1.801513 512.000000
900 1.799680 512.000000
900 1.808001 512.000000
900 1.802186 512.000000
900 1.801891 512.000000
900 1.800518 512.000000
900 1.799415 512.000000
900 1.831920 1024.000000
900 1.829623 1024.000000
900 1.829531 1024.000000
900 1.810168 1024.000000
900 1.802591 1024.000000
900 1.822365 1024.000000
900 1.848175 1024.000000
900 1.893821 1024.000000
900 1.910230 1024.000000
900 1.986584 1024.000000
1000 2.516533 2.000000
1000 2.525406 2.000000
1000 2.532388 2.000000
1000 2.532706 2.000000
1000 2.510935 2.000000
1000 2.517690 2.000000
1000 2.498798 2.000000
1000 2.540584 2.000000
1000 2.520761 2.000000
1000 2.632307 2.000000
1000 2.571241 4.000000
1000 2.514242 4.000000
1000 2.562018 4.000000
1000 2.523564 4.000000
1000 2.642858 4.000000
1000 2.552007 4.000000
1000 2.527583 4.000000
1000 2.570133 4.000000
1000 2.538671 4.000000
1000 2.511297 4.000000
1000 2.539696 8.000000
1000 2.506468 8.000000
1000 2.524019 8.000000
1000 2.535696 8.000000
1000 2.498044 8.000000
1000 2.632515 8.000000
1000 2.511225 8.000000
1000 2.513262 8.000000
1000 2.515278 8.000000
1000 2.510045 8.000000
1000 2.515954 16.000000
1000 2.519666 16.000000
1000 2.564335 16.000000
1000 2.541507 16.000000
1000 2.519582 16.000000
1000 2.574555 16.000000
1000 2.632749 16.000000
1000 2.511706 16.000000
1000 2.549884 16.000000
1000 2.548248 16.000000
1000 2.723410 32.000000
1000 2.572067 32.000000
1000 2.709096 32.000000
1000 2.537984 32.000000
1000 2.619208 32.000000
1000 2.665032 32.000000
1000 2.678655 32.000000
1000 2.547397 32.000000
1000 2.615091 32.000000
1000 2.720714 32.000000
1000 2.681542 64.000000
1000 2.727910 64.000000
1000 2.553243 64.000000
1000 2.580802 64.000000
1000 2.542582 64.000000
1000 2.565516 64.000000
1000 2.737516 64.000000
1000 2.561427 64.000000
1000 2.762877 64.000000
1000 2.532501 64.000000
1000 2.522969 128.000000
1000 2.571104 128.000000
1000 2.681665 128.000000
1000 2.567521 128.000000
1000 2.560809 128.000000
1000 2.522353 128.000000
1000 2.582183 128.000000
1000 2.556826 128.000000
1000 2.509613 128.000000
1000 2.535111 128.000000
1000 2.508602 256.000000
1000 2.524417 256.000000
1000 2.532075 256.000000
1000 2.562419 256.000000
1000 2.506091 256.000000
1000 2.517859 256.000000
1000 2.566113 256.000000
1000 2.532455 256.000000
1000 2.570109 256.000000
1000 2.529318 256.000000
1000 2.597902 512.000000
1000 2.517409 512.000000
1000 2.537282 512.000000
1000 2.522414 512.000000
1000 2.557135 512.000000
1000 2.631983 512.000000
1000 2.512361 512.000000
1000 2.538409 512.000000
1000 2.547223 512.000000
1000 2.639913 512.000000
1000 2.526134 1024.000000
1000 2.546466 1024.000000
1000 2.521758 1024.000000
1000 2.493718 1024.000000
1000 2.634344 1024.000000
1000 2.556220 1024.000000
1000 2.519779 1024.000000
1000 2.554458 1024.000000
1000 2.704871 1024.000000
1000 2.522096 1024.000000
