100 0.000791 2.000000
100 0.000679 2.000000
100 0.000598 2.000000
100 0.000574 2.000000
100 0.000576 2.000000
100 0.000573 2.000000
100 0.000575 2.000000
100 0.000592 2.000000
100 0.000627 2.000000
100 0.000574 2.000000
100 0.000574 4.000000
100 0.000576 4.000000
100 0.000581 4.000000
100 0.000629 4.000000
100 0.000574 4.000000
100 0.000576 4.000000
100 0.000575 4.000000
100 0.000574 4.000000
100 0.000579 4.000000
100 0.000575 4.000000
100 0.000589 8.000000
100 0.000593 8.000000
100 0.000577 8.000000
100 0.000576 8.000000
100 0.000574 8.000000
100 0.000574 8.000000
100 0.000577 8.000000
100 0.000577 8.000000
100 0.000608 8.000000
100 0.000580 8.000000
100 0.000577 16.000000
100 0.000611 16.000000
100 0.000579 16.000000
100 0.000576 16.000000
100 0.000575 16.000000
100 0.000626 16.000000
100 0.000581 16.000000
100 0.000610 16.000000
100 0.000574 16.000000
100 0.000575 16.000000
100 0.000580 32.000000
100 0.000575 32.000000
100 0.000577 32.000000
100 0.000575 32.000000
100 0.000575 32.000000
100 0.000593 32.000000
100 0.000575 32.000000
100 0.000576 32.000000
100 0.000575 32.000000
100 0.000575 32.000000
100 0.000577 64.000000
100 0.000587 64.000000
100 0.000593 64.000000
100 0.000595 64.000000
100 0.000576 64.000000
100 0.000595 64.000000
100 0.000587 64.000000
100 0.000575 64.000000
100 0.000577 64.000000
100 0.000575 64.000000
100 0.000594 128.000000
100 0.000572 128.000000
100 0.000576 128.000000
100 0.000630 128.000000
100 0.000593 128.000000
100 0.000576 128.000000
100 0.000577 128.000000
100 0.000596 128.000000
100 0.000569 128.000000
100 0.000576 128.000000
100 0.000576 256.000000
100 0.000575 256.000000
100 0.000583 256.000000
100 0.000576 256.000000
100 0.000578 256.000000
100 0.000577 256.000000
100 0.000577 256.000000
100 0.000581 256.000000
100 0.000575 256.000000
100 0.000575 256.000000
100 0.000577 512.000000
100 0.000594 512.000000
100 0.000577 512.000000
100 0.000577 512.000000
100 0.000575 512.000000
100 0.000594 512.000000
100 0.000576 512.000000
100 0.000576 512.000000
100 0.000579 512.000000
100 0.000594 512.000000
100 0.000575 1024.000000
100 0.000607 1024.000000
100 0.000577 1024.000000
100 0.000580 1024.000000
100 0.000576 1024.000000
100 0.000577 1024.000000
100 0.000575 1024.000000
100 0.000575 1024.000000
100 0.000575 1024.000000
100 0.000578 1024.000000
100 0.000793 2.000000
100 0.000693 2.000000
100 0.000581 2.000000
100 0.000574 2.000000
100 0.000573 2.000000
100 0.000575 2.000000
100 0.000592 2.000000
100 0.000615 2.000000
100 0.000577 2.000000
100 0.000581 2.000000
100 0.000582 4.000000
100 0.000588 4.000000
100 0.000578 4.000000
100 0.000590 4.000000
100 0.000576 4.000000
100 0.000581 4.000000
100 0.000576 4.000000
100 0.000577 4.000000
100 0.000582 4.000000
100 0.000581 4.000000
100 0.000595 8.000000
100 0.000576 8.000000
100 0.000579 8.000000
100 0.000576 8.000000
100 0.000582 8.000000
100 0.000578 8.000000
100 0.000576 8.000000
100 0.000570 8.000000
100 0.000596 8.000000
100 0.000594 8.000000
100 0.000579 16.000000
100 0.000578 16.000000
100 0.000578 16.000000
100 0.000578 16.000000
100 0.000583 16.000000
100 0.000586 16.000000
100 0.000577 16.000000
100 0.000577 16.000000
100 0.000592 16.000000
100 0.000579 16.000000
100 0.000577 32.000000
100 0.000578 32.000000
100 0.000595 32.000000
100 0.000579 32.000000
100 0.000583 32.000000
100 0.000576 32.000000
100 0.000580 32.000000
100 0.000576 32.000000
100 0.000579 32.000000
100 0.000579 32.000000
100 0.000584 64.000000
100 0.000579 64.000000
100 0.000595 64.000000
100 0.000577 64.000000
100 0.000605 64.000000
100 0.000579 64.000000
100 0.000576 64.000000
100 0.000576 64.000000
100 0.000579 64.000000
100 0.000578 64.000000
100 0.000577 128.000000
100 0.000577 128.000000
100 0.000577 128.000000
100 0.000577 128.000000
100 0.000579 128.000000
100 0.000579 128.000000
100 0.000582 128.000000
100 0.000577 128.000000
100 0.000576 128.000000
100 0.000577 128.000000
100 0.000585 256.000000
100 0.000605 256.000000
100 0.000582 256.000000
100 0.000579 256.000000
100 0.000582 256.000000
100 0.000578 256.000000
100 0.000578 256.000000
100 0.000587 256.000000
100 0.000587 256.000000
100 0.000577 256.000000
100 0.000577 512.000000
100 0.000577 512.000000
100 0.000576 512.000000
100 0.000610 512.000000
100 0.000576 512.000000
100 0.000576 512.000000
100 0.000577 512.000000
100 0.000579 512.000000
100 0.000577 512.000000
100 0.000612 512.000000
100 0.000576 1024.000000
100 0.000576 1024.000000
100 0.000585 1024.000000
100 0.000576 1024.000000
100 0.000591 1024.000000
100 0.000576 1024.000000
100 0.000595 1024.000000
100 0.000577 1024.000000
100 0.000605 1024.000000
100 0.000579 1024.000000
100 0.000760 2.000000
100 0.000655 2.000000
100 0.000594 2.000000
100 0.000576 2.000000
100 0.000580 2.000000
100 0.000584 2.000000
100 0.000594 2.000000
100 0.000573 2.000000
100 0.000574 2.000000
100 0.000603 2.000000
100 0.000576 4.000000
100 0.000575 4.000000
100 0.000594 4.000000
100 0.000575 4.000000
100 0.000603 4.000000
100 0.000610 4.000000
100 0.000577 4.000000
100 0.000576 4.000000
100 0.000623 4.000000
100 0.000577 4.000000
100 0.000581 8.000000
100 0.000590 8.000000
100 0.000594 8.000000
100 0.000594 8.000000
100 0.000595 8.000000
100 0.000576 8.000000
100 0.000576 8.000000
100 0.000620 8.000000
100 0.000577 8.000000
100 0.000577 8.000000
100 0.000595 16.000000
100 0.000607 16.000000
100 0.000583 16.000000
100 0.000592 16.000000
100 0.000580 16.000000
100 0.000575 16.000000
100 0.000626 16.000000
100 0.000582 16.000000
100 0.000577 16.000000
100 0.000620 16.000000
100 0.000591 32.000000
100 0.000576 32.000000
100 0.000600 32.000000
100 0.000598 32.000000
100 0.000577 32.000000
100 0.000595 32.000000
100 0.000577 32.000000
100 0.000577 32.000000
100 0.000598 32.000000
100 0.000577 32.000000
100 0.000573 64.000000
100 0.000595 64.000000
100 0.000580 64.000000
100 0.000578 64.000000
100 0.000607 64.000000
100 0.000589 64.000000
100 0.000577 64.000000
100 0.000624 64.000000
100 0.000577 64.000000
100 0.000577 64.000000
100 0.000612 128.000000
100 0.000592 128.000000
100 0.000587 128.000000
100 0.000595 128.000000
100 0.000576 128.000000
100 0.000595 128.000000
100 0.000596 128.000000
100 0.000577 128.000000
100 0.000594 128.000000
100 0.000614 128.000000
100 0.000577 256.000000
100 0.000576 256.000000
100 0.000595 256.000000
100 0.000597 256.000000
100 0.000587 256.000000
100 0.000588 256.000000
100 0.000575 256.000000
100 0.000577 256.000000
100 0.000625 256.000000
100 0.000589 256.000000
100 0.000596 512.000000
100 0.000586 512.000000
100 0.000576 512.000000
100 0.000577 512.000000
100 0.000613 512.000000
100 0.000577 512.000000
100 0.000576 512.000000
100 0.000606 512.000000
100 0.000570 512.000000
100 0.000584 512.000000
100 0.000602 1024.000000
100 0.000577 1024.000000
100 0.000577 1024.000000
100 0.000607 1024.000000
100 0.000590 1024.000000
100 0.000599 1024.000000
100 0.000640 1024.000000
100 0.000577 1024.000000
100 0.000577 1024.000000
100 0.000624 1024.000000
200 0.002255 2.000000
200 0.002197 2.000000
200 0.002234 2.000000
200 0.002249 2.000000
200 0.002165 2.000000
200 0.002240 2.000000
200 0.002230 2.000000
200 0.002208 2.000000
200 0.002173 2.000000
200 0.002233 2.000000
200 0.002183 4.000000
200 0.002221 4.000000
200 0.002226 4.000000
200 0.002216 4.000000
200 0.002252 4.000000
200 0.002245 4.000000
200 0.002372 4.000000
200 0.002330 4.000000
200 0.002336 4.000000
200 0.002183 4.000000
200 0.002238 8.000000
200 0.002223 8.000000
200 0.002254 8.000000
200 0.002232 8.000000
200 0.002219 8.000000
200 0.002222 8.000000
200 0.002203 8.000000
200 0.002248 8.000000
200 0.002218 8.000000
200 0.002179 8.000000
200 0.002222 16.000000
200 0.002238 16.000000
200 0.002214 16.000000
200 0.002231 16.000000
200 0.002298 16.000000
200 0.002220 16.000000
200 0.002368 16.000000
200 0.002226 16.000000
200 0.002222 16.000000
200 0.002224 16.000000
200 0.002203 32.000000
200 0.002228 32.000000
200 0.002202 32.000000
200 0.002222 32.000000
200 0.002188 32.000000
200 0.002265 32.000000
200 0.002228 32.000000
200 0.002223 32.000000
200 0.002235 32.000000
200 0.002257 32.000000
200 0.002203 64.000000
200 0.002233 64.000000
200 0.002232 64.000000
200 0.002223 64.000000
200 0.002264 64.000000
200 0.002191 64.000000
200 0.002216 64.000000
200 0.002255 64.000000
200 0.002232 64.000000
200 0.002189 64.000000
200 0.002222 128.000000
200 0.002189 128.000000
200 0.002221 128.000000
200 0.002189 128.000000
200 0.002227 128.000000
200 0.002255 128.000000
200 0.002231 128.000000
200 0.002223 128.000000
200 0.002253 128.000000
200 0.002185 128.000000
200 0.002224 256.000000
200 0.002254 256.000000
200 0.002223 256.000000
200 0.002220 256.000000
200 0.002254 256.000000
200 0.002238 256.000000
200 0.002233 256.000000
200 0.002295 256.000000
200 0.002211 256.000000
200 0.002190 256.000000
200 0.002235 512.000000
200 0.002213 512.000000
200 0.002224 512.000000
200 0.002257 512.000000
200 0.002220 512.000000
200 0.002236 512.000000
200 0.002211 512.000000
200 0.002177 512.000000
200 0.002235 512.000000
200 0.002215 512.000000
200 0.002224 1024.000000
200 0.002245 1024.000000
200 0.002224 1024.000000
200 0.002227 1024.000000
200 0.002377 1024.000000
200 0.002240 1024.000000
200 0.002233 1024.000000
200 0.002186 1024.000000
200 0.002207 1024.000000
200 0.002205 1024.000000
300 0.004981 2.000000
300 0.004971 2.000000
300 0.005143 2.000000
300 0.005338 2.000000
300 0.005227 2.000000
300 0.005163 2.000000
300 0.005289 2.000000
300 0.005193 2.000000
300 0.005043 2.000000
300 0.005311 2.000000
300 0.004952 4.000000
300 0.004973 4.000000
300 0.005267 4.000000
300 0.004940 4.000000
300 0.004953 4.000000
300 0.004922 4.000000
300 0.004956 4.000000
300 0.004926 4.000000
300 0.004932 4.000000
300 0.004930 4.000000
300 0.004932 8.000000
300 0.004968 8.000000
300 0.004976 8.000000
300 0.004954 8.000000
300 0.004998 8.000000
300 0.005250 8.000000
300 0.005057 8.000000
300 0.005142 8.000000
300 0.005000 8.000000
300 0.004968 8.000000
300 0.005006 16.000000
300 0.005356 16.000000
300 0.005151 16.000000
300 0.005220 16.000000
300 0.005227 16.000000
300 0.004998 16.000000
300 0.005110 16.000000
300 0.004951 16.000000
300 0.005017 16.000000
300 0.004933 16.000000
300 0.004976 32.000000
300 0.005286 32.000000
300 0.005155 32.000000
300 0.005200 32.000000
300 0.005264 32.000000
300 0.004946 32.000000
300 0.005019 32.000000
300 0.005273 32.000000
300 0.005026 32.000000
300 0.005168 32.000000
300 0.005009 64.000000
300 0.005119 64.000000
300 0.005002 64.000000
300 0.005125 64.000000
300 0.005027 64.000000
300 0.005228 64.000000
300 0.004939 64.000000
300 0.005034 64.000000
300 0.005328 64.000000
300 0.004951 64.000000
300 0.004986 128.000000
300 0.005047 128.000000
300 0.005052 128.000000
300 0.004925 128.000000
300 0.004940 128.000000
300 0.004957 128.000000
300 0.004952 128.000000
300 0.005083 128.000000
300 0.004955 128.000000
300 0.004959 128.000000
300 0.005001 256.000000
300 0.004948 256.000000
300 0.004932 256.000000
300 0.004943 256.000000
300 0.004965 256.000000
300 0.004971 256.000000
300 0.004995 256.000000
300 0.004880 256.000000
300 0.004978 256.000000
300 0.004952 256.000000
300 0.004963 512.000000
300 0.004963 512.000000
300 0.004941 512.000000
300 0.004940 512.000000
300 0.004952 512.000000
300 0.004958 512.000000
300 0.004938 512.000000
300 0.004934 512.000000
300 0.004965 512.000000
300 0.005136 512.000000
300 0.004973 1024.000000
300 0.004950 1024.000000
300 0.005043 1024.000000
300 0.004945 1024.000000
300 0.004991 1024.000000
300 0.004953 1024.000000
300 0.004963 1024.000000
300 0.004933 1024.000000
300 0.004980 1024.000000
300 0.004945 1024.000000
400 0.008832 2.000000
400 0.008624 2.000000
400 0.008765 2.000000
400 0.008794 2.000000
400 0.008855 2.000000
400 0.008715 2.000000
400 0.009118 2.000000
400 0.008641 2.000000
400 0.008738 2.000000
400 0.008769 2.000000
400 0.008717 4.000000
400 0.008731 4.000000
400 0.009072 4.000000
400 0.008612 4.000000
400 0.008711 4.000000
400 0.008720 4.000000
400 0.008740 4.000000
400 0.008754 4.000000
400 0.008737 4.000000
400 0.009101 4.000000
400 0.008933 8.000000
400 0.009064 8.000000
400 0.008818 8.000000
400 0.008948 8.000000
400 0.008717 8.000000
400 0.008736 8.000000
400 0.008724 8.000000
400 0.008769 8.000000
400 0.008735 8.000000
400 0.008669 8.000000
400 0.008728 16.000000
400 0.008757 16.000000
400 0.008693 16.000000
400 0.008695 16.000000
400 0.008729 16.000000
400 0.008636 16.000000
400 0.008755 16.000000
400 0.008720 16.000000
400 0.008713 16.000000
400 0.008705 16.000000
400 0.008640 32.000000
400 0.009040 32.000000
400 0.009149 32.000000
400 0.009047 32.000000
400 0.008934 32.000000
400 0.009097 32.000000
400 0.009121 32.000000
400 0.009357 32.000000
400 0.008713 32.000000
400 0.008924 32.000000
400 0.008813 64.000000
400 0.008744 64.000000
400 0.009125 64.000000
400 0.009136 64.000000
400 0.008631 64.000000
400 0.008644 64.000000
400 0.008687 64.000000
400 0.008660 64.000000
400 0.008630 64.000000
400 0.008633 64.000000
400 0.008639 128.000000
400 0.008721 128.000000
400 0.008680 128.000000
400 0.008760 128.000000
400 0.008797 128.000000
400 0.008749 128.000000
400 0.008893 128.000000
400 0.009292 128.000000
400 0.008753 128.000000
400 0.008667 128.000000
400 0.008708 256.000000
400 0.009137 256.000000
400 0.008753 256.000000
400 0.008776 256.000000
400 0.008679 256.000000
400 0.008730 256.000000
400 0.008777 256.000000
400 0.008857 256.000000
400 0.008700 256.000000
400 0.008717 256.000000
400 0.008738 512.000000
400 0.008788 512.000000
400 0.008710 512.000000
400 0.008784 512.000000
400 0.008651 512.000000
400 0.008814 512.000000
400 0.008693 512.000000
400 0.008726 512.000000
400 0.008776 512.000000
400 0.008648 512.000000
400 0.008700 1024.000000
400 0.008646 1024.000000
400 0.008690 1024.000000
400 0.008714 1024.000000
400 0.008740 1024.000000
400 0.008764 1024.000000
400 0.008712 1024.000000
400 0.008768 1024.000000
400 0.008793 1024.000000
400 0.008777 1024.000000
500 0.013457 2.000000
500 0.013623 2.000000
500 0.013525 2.000000
500 0.013495 2.000000
500 0.013423 2.000000
500 0.013464 2.000000
500 0.013385 2.000000
500 0.013429 2.000000
500 0.013733 2.000000
500 0.013574 2.000000
500 0.013395 4.000000
500 0.013544 4.000000
500 0.013382 4.000000
500 0.013501 4.000000
500 0.022132 4.000000
500 0.013441 4.000000
500 0.013495 4.000000
500 0.013412 4.000000
500 0.013527 4.000000
500 0.013437 4.000000
500 0.013476 8.000000
500 0.013408 8.000000
500 0.013521 8.000000
500 0.013549 8.000000
500 0.013481 8.000000
500 0.013418 8.000000
500 0.013453 8.000000
500 0.013471 8.000000
500 0.013506 8.000000
500 0.013404 8.000000
500 0.013510 16.000000
500 0.013585 16.000000
500 0.013570 16.000000
500 0.013592 16.000000
500 0.013730 16.000000
500 0.013463 16.000000
500 0.013498 16.000000
500 0.013802 16.000000
500 0.013434 16.000000
500 0.013435 16.000000
500 0.013433 32.000000
500 0.013472 32.000000
500 0.013428 32.000000
500 0.014111 32.000000
500 0.013521 32.000000
500 0.014105 32.000000
500 0.013589 32.000000
500 0.013521 32.000000
500 0.013435 32.000000
500 0.013452 32.000000
500 0.013488 64.000000
500 0.013468 64.000000
500 0.013508 64.000000
500 0.013482 64.000000
500 0.013479 64.000000
500 0.013388 64.000000
500 0.013571 64.000000
500 0.013514 64.000000
500 0.013428 64.000000
500 0.013702 64.000000
500 0.013487 128.000000
500 0.013439 128.000000
500 0.013443 128.000000
500 0.013499 128.000000
500 0.013479 128.000000
500 0.013443 128.000000
500 0.013416 128.000000
500 0.013698 128.000000
500 0.013989 128.000000
500 0.013460 128.000000
500 0.013472 256.000000
500 0.013479 256.000000
500 0.013500 256.000000
500 0.013534 256.000000
500 0.013454 256.000000
500 0.013679 256.000000
500 0.013469 256.000000
500 0.013434 256.000000
500 0.013433 256.000000
500 0.013513 256.000000
500 0.013467 512.000000
500 0.013501 512.000000
500 0.013536 512.000000
500 0.013521 512.000000
500 0.013461 512.000000
500 0.013462 512.000000
500 0.013469 512.000000
500 0.013467 512.000000
500 0.013423 512.000000
500 0.013433 512.000000
500 0.013506 1024.000000
500 0.014211 1024.000000
500 0.013432 1024.000000
500 0.013495 1024.000000
500 0.013506 1024.000000
500 0.013484 1024.000000
500 0.013477 1024.000000
500 0.013461 1024.000000
500 0.013481 1024.000000
500 0.013428 1024.000000
600 0.019296 2.000000
600 0.019334 2.000000
600 0.019486 2.000000
600 0.019354 2.000000
600 0.019330 2.000000
600 0.019349 2.000000
600 0.019327 2.000000
600 0.019731 2.000000
600 0.020176 2.000000
600 0.019647 2.000000
600 0.019346 4.000000
600 0.019605 4.000000
600 0.019262 4.000000
600 0.019546 4.000000
600 0.019326 4.000000
600 0.019510 4.000000
600 0.019509 4.000000
600 0.019315 4.000000
600 0.019314 4.000000
600 0.019474 4.000000
600 0.019992 8.000000
600 0.019700 8.000000
600 0.019242 8.000000
600 0.019387 8.000000
600 0.019804 8.000000
600 0.019258 8.000000
600 0.019390 8.000000
600 0.019189 8.000000
600 0.019253 8.000000
600 0.019301 8.000000
600 0.019328 16.000000
600 0.019459 16.000000
600 0.019245 16.000000
600 0.019199 16.000000
600 0.019229 16.000000
600 0.019425 16.000000
600 0.019536 16.000000
600 0.019356 16.000000
600 0.019835 16.000000
600 0.019833 16.000000
600 0.019472 32.000000
600 0.019198 32.000000
600 0.019316 32.000000
600 0.019681 32.000000
600 0.019265 32.000000
600 0.019206 32.000000
600 0.019511 32.000000
600 0.019718 32.000000
600 0.019999 32.000000
600 0.019339 32.000000
600 0.019877 64.000000
600 0.020927 64.000000
600 0.019254 64.000000
600 0.019344 64.000000
600 0.019311 64.000000
600 0.019200 64.000000
600 0.019297 64.000000
600 0.019214 64.000000
600 0.019904 64.000000
600 0.019159 64.000000
600 0.020124 128.000000
600 0.019153 128.000000
600 0.020511 128.000000
600 0.020345 128.000000
600 0.019932 128.000000
600 0.019388 128.000000
600 0.019256 128.000000
600 0.019208 128.000000
600 0.019299 128.000000
600 0.019397 128.000000
600 0.020032 256.000000
600 0.019232 256.000000
600 0.019172 256.000000
600 0.019305 256.000000
600 0.019287 256.000000
600 0.019347 256.000000
600 0.019313 256.000000
600 0.019433 256.000000
600 0.019430 256.000000
600 0.019384 256.000000
600 0.020403 512.000000
600 0.020184 512.000000
600 0.019926 512.000000
600 0.020038 512.000000
600 0.020414 512.000000
600 0.019610 512.000000
600 0.019366 512.000000
600 0.019399 512.000000
600 0.019469 512.000000
600 0.020131 512.000000
600 0.019376 1024.000000
600 0.019430 1024.000000
600 0.019325 1024.000000
600 0.019532 1024.000000
600 0.019239 1024.000000
600 0.019295 1024.000000
600 0.019283 1024.000000
600 0.019202 1024.000000
600 0.019238 1024.000000
600 0.019196 1024.000000
700 0.026151 2.000000
700 0.026137 2.000000
700 0.026517 2.000000
700 0.026104 2.000000
700 0.026254 2.000000
700 0.026027 2.000000
700 0.026055 2.000000
700 0.026294 2.000000
700 0.026077 2.000000
700 0.026395 2.000000
700 0.026134 4.000000
700 0.026273 4.000000
700 0.026188 4.000000
700 0.026203 4.000000
700 0.026445 4.000000
700 0.026253 4.000000
700 0.026304 4.000000
700 0.026080 4.000000
700 0.026223 4.000000
700 0.026512 4.000000
700 0.026225 8.000000
700 0.026300 8.000000
700 0.026102 8.000000
700 0.026097 8.000000
700 0.026219 8.000000
700 0.026153 8.000000
700 0.026208 8.000000
700 0.026177 8.000000
700 0.026176 8.000000
700 0.026355 8.000000
700 0.026270 16.000000
700 0.026178 16.000000
700 0.026218 16.000000
700 0.026291 16.000000
700 0.026281 16.000000
700 0.026371 16.000000
700 0.026756 16.000000
700 0.026141 16.000000
700 0.027134 16.000000
700 0.026484 16.000000
700 0.027373 32.000000
700 0.026212 32.000000
700 0.026378 32.000000
700 0.026363 32.000000
700 0.040064 32.000000
700 0.026710 32.000000
700 0.026350 32.000000
700 0.026835 32.000000
700 0.026107 32.000000
700 0.026513 32.000000
700 0.026538 64.000000
700 0.026550 64.000000
700 0.026256 64.000000
700 0.026608 64.000000
700 0.026166 64.000000
700 0.026259 64.000000
700 0.026229 64.000000
700 0.026187 64.000000
700 0.026232 64.000000
700 0.026288 64.000000
700 0.026189 128.000000
700 0.026202 128.000000
700 0.026147 128.000000
700 0.026129 128.000000
700 0.026666 128.000000
700 0.026038 128.000000
700 0.026180 128.000000
700 0.026183 128.000000
700 0.026062 128.000000
700 0.026086 128.000000
700 0.026241 256.000000
700 0.026094 256.000000
700 0.026743 256.000000
700 0.026000 256.000000
700 0.026165 256.000000
700 0.026195 256.000000
700 0.026281 256.000000
700 0.026145 256.000000
700 0.026182 256.000000
700 0.026138 256.000000
700 0.026092 512.000000
700 0.026089 512.000000
700 0.026120 512.000000
700 0.026189 512.000000
700 0.026286 512.000000
700 0.026515 512.000000
700 0.026234 512.000000
700 0.026228 512.000000
700 0.026169 512.000000
700 0.026131 512.000000
700 0.026239 1024.000000
700 0.026152 1024.000000
700 0.026164 1024.000000
700 0.026303 1024.000000
700 0.026166 1024.000000
700 0.026262 1024.000000
700 0.026220 1024.000000
700 0.026255 1024.000000
700 0.026382 1024.000000
700 0.026139 1024.000000
800 0.034194 2.000000
800 0.034191 2.000000
800 0.034148 2.000000
800 0.034207 2.000000
800 0.034066 2.000000
800 0.034121 2.000000
800 0.043098 2.000000
800 0.034086 2.000000
800 0.034308 2.000000
800 0.034085 2.000000
800 0.034282 4.000000
800 0.034131 4.000000
800 0.034260 4.000000
800 0.034109 4.000000
800 0.034238 4.000000
800 0.034228 4.000000
800 0.034127 4.000000
800 0.034217 4.000000
800 0.034250 4.000000
800 0.034320 4.000000
800 0.034173 8.000000
800 0.034092 8.000000
800 0.034194 8.000000
800 0.034208 8.000000
800 0.034334 8.000000
800 0.034364 8.000000
800 0.034208 8.000000
800 0.034130 8.000000
800 0.034293 8.000000
800 0.034356 8.000000
800 0.034197 16.000000
800 0.034246 16.000000
800 0.034090 16.000000
800 0.034236 16.000000
800 0.034231 16.000000
800 0.034392 16.000000
800 0.034191 16.000000
800 0.034099 16.000000
800 0.034139 16.000000
800 0.034092 16.000000
800 0.034285 32.000000
800 0.034401 32.000000
800 0.034255 32.000000
800 0.034264 32.000000
800 0.034272 32.000000
800 0.034187 32.000000
800 0.034258 32.000000
800 0.034238 32.000000
800 0.034406 32.000000
800 0.034222 32.000000
800 0.034132 64.000000
800 0.034259 64.000000
800 0.034342 64.000000
800 0.034170 64.000000
800 0.034282 64.000000
800 0.034131 64.000000
800 0.034114 64.000000
800 0.034144 64.000000
800 0.034065 64.000000
800 0.036168 64.000000
800 0.034211 128.000000
800 0.034160 128.000000
800 0.034141 128.000000
800 0.034791 128.000000
800 0.033991 128.000000
800 0.034327 128.000000
800 0.034140 128.000000
800 0.034067 128.000000
800 0.034182 128.000000
800 0.034114 128.000000
800 0.034357 256.000000
800 0.034246 256.000000
800 0.034273 256.000000
800 0.034112 256.000000
800 0.034301 256.000000
800 0.034237 256.000000
800 0.034231 256.000000
800 0.034429 256.000000
800 0.034144 256.000000
800 0.034156 256.000000
800 0.034058 512.000000
800 0.034133 512.000000
800 0.034037 512.000000
800 0.034205 512.000000
800 0.034202 512.000000
800 0.034223 512.000000
800 0.034303 512.000000
800 0.034224 512.000000
800 0.034260 512.000000
800 0.034404 512.000000
800 0.034161 1024.000000
800 0.034192 1024.000000
800 0.034126 1024.000000
800 0.034355 1024.000000
800 0.034100 1024.000000
800 0.034287 1024.000000
800 0.034162 1024.000000
800 0.034213 1024.000000
800 0.034165 1024.000000
800 0.034493 1024.000000
900 0.043348 2.000000
900 0.043363 2.000000
900 0.043351 2.000000
900 0.043331 2.000000
900 0.043427 2.000000
900 0.043254 2.000000
900 0.043157 2.000000
900 0.043436 2.000000
900 0.043420 2.000000
900 0.043375 2.000000
900 0.043410 4.000000
900 0.043246 4.000000
900 0.043570 4.000000
900 0.043419 4.000000
900 0.043356 4.000000
900 0.043797 4.000000
900 0.043556 4.000000
900 0.043263 4.000000
900 0.043301 4.000000
900 0.043455 4.000000
900 0.043540 8.000000
900 0.043500 8.000000
900 0.043200 8.000000
900 0.043499 8.000000
900 0.043512 8.000000
900 0.043430 8.000000
900 0.043617 8.000000
900 0.043318 8.000000
900 0.043368 8.000000
900 0.043335 8.000000
900 0.043462 16.000000
900 0.043583 16.000000
900 0.043458 16.000000
900 0.043377 16.000000
900 0.043405 16.000000
900 0.044144 16.000000
900 0.045173 16.000000
900 0.043494 16.000000
900 0.043306 16.000000
900 0.043323 16.000000
900 0.043489 32.000000
900 0.043422 32.000000
900 0.043399 32.000000
900 0.043315 32.000000
900 0.043366 32.000000
900 0.043168 32.000000
900 0.043194 32.000000
900 0.043298 32.000000
900 0.043335 32.000000
900 0.043396 32.000000
900 0.043597 64.000000
900 0.043578 64.000000
900 0.043800 64.000000
900 0.043847 64.000000
900 0.043471 64.000000
900 0.043468 64.000000
900 0.043429 64.000000
900 0.043570 64.000000
900 0.043446 64.000000
900 0.043348 64.000000
900 0.043301 128.000000
900 0.043457 128.000000
900 0.043304 128.000000
900 0.043459 128.000000
900 0.043417 128.000000
900 0.043374 128.000000
900 0.043365 128.000000
900 0.043454 128.000000
900 0.043498 128.000000
900 0.043362 128.000000
900 0.043479 256.000000
900 0.043310 256.000000
900 0.043542 256.000000
900 0.043461 256.000000
900 0.043378 256.000000
900 0.043554 256.000000
900 0.043435 256.000000
900 0.043658 256.000000
900 0.043389 256.000000
900 0.043457 256.000000
900 0.043369 512.000000
900 0.043574 512.000000
900 0.043378 512.000000
900 0.043639 512.000000
900 0.043412 512.000000
900 0.043566 512.000000
900 0.043345 512.000000
900 0.043363 512.000000
900 0.043490 512.000000
900 0.043384 512.000000
900 0.043382 1024.000000
900 0.043915 1024.000000
900 0.044076 1024.000000
900 0.045445 1024.000000
900 0.043482 1024.000000
900 0.044295 1024.000000
900 0.046268 1024.000000
900 0.044483 1024.000000
900 0.044928 1024.000000
900 0.046460 1024.000000
1000 0.055168 2.000000
1000 0.055437 2.000000
1000 0.053543 2.000000
1000 0.053705 2.000000
1000 0.053780 2.000000
1000 0.053528 2.000000
1000 0.053321 2.000000
1000 0.054917 2.000000
1000 0.053457 2.000000
1000 0.053475 2.000000
1000 0.054600 4.000000
1000 0.053670 4.000000
1000 0.055029 4.000000
1000 0.053404 4.000000
1000 0.055586 4.000000
1000 0.054247 4.000000
1000 0.053610 4.000000
1000 0.054104 4.000000
1000 0.053646 4.000000
1000 0.053598 4.000000
1000 0.056993 8.000000
1000 0.053850 8.000000
1000 0.054604 8.000000
1000 0.053596 8.000000
1000 0.053451 8.000000
1000 0.055207 8.000000
1000 0.053530 8.000000
1000 0.053679 8.000000
1000 0.053429 8.000000
1000 0.053390 8.000000
1000 0.053430 16.000000
1000 0.055750 16.000000
1000 0.054113 16.000000
1000 0.053750 16.000000
1000 0.054002 16.000000
1000 0.053705 16.000000
1000 0.055835 16.000000
1000 0.053568 16.000000
1000 0.053760 16.000000
1000 0.053946 16.000000
1000 0.054222 32.000000
1000 0.054795 32.000000
1000 0.056003 32.000000
1000 0.055170 32.000000
1000 0.055796 32.000000
1000 0.057371 32.000000
1000 0.055861 32.000000
1000 0.055035 32.000000
1000 0.057195 32.000000
1000 0.055945 32.000000
1000 0.056157 64.000000
1000 0.056343 64.000000
1000 0.054865 64.000000
1000 0.054101 64.000000
1000 0.053845 64.000000
1000 0.053789 64.000000
1000 0.055973 64.000000
1000 0.053933 64.000000
1000 0.056610 64.000000
1000 0.054227 64.000000
1000 0.053879 128.000000
1000 0.054455 128.000000
1000 0.053544 128.000000
1000 0.055684 128.000000
1000 0.056761 128.000000
1000 0.053650 128.000000
1000 0.053763 128.000000
1000 0.056184 128.000000
1000 0.053949 128.000000
1000 0.055665 128.000000
1000 0.053795 256.000000
1000 0.053697 256.000000
1000 0.054239 256.000000
1000 0.054519 256.000000
1000 0.053813 256.000000
1000 0.053691 256.000000
1000 0.053677 256.000000
1000 0.054136 256.000000
1000 0.053941 256.000000
1000 0.053556 256.000000
1000 0.054955 512.000000
1000 0.054495 512.000000
1000 0.053799 512.000000
1000 0.053330 512.000000
1000 0.053629 512.000000
1000 0.053421 512.000000
1000 0.053913 512.000000
1000 0.053365 512.000000
1000 0.053901 512.000000
1000 0.054972 512.000000
1000 0.054426 1024.000000
1000 0.053749 1024.000000
1000 0.053922 1024.000000
1000 0.053632 1024.000000
1000 0.054931 1024.000000
1000 0.055263 1024.000000
1000 0.053478 1024.000000
1000 0.053610 1024.000000
1000 0.055306 1024.000000
1000 0.054901 1024.000000
3100 0.525953 2.000000
3100 0.531683 2.000000
3100 0.513563 2.000000
3100 0.523556 2.000000
3100 0.527650 2.000000
3100 0.511759 2.000000
3100 0.511062 2.000000
3100 0.512416 2.000000
3100 0.510777 2.000000
3100 0.511241 2.000000
3100 0.511271 4.000000
3100 0.510375 4.000000
3100 0.519283 4.000000
3100 0.511678 4.000000
3100 0.511576 4.000000
3100 0.511159 4.000000
3100 0.511100 4.000000
3100 0.512052 4.000000
3100 0.510897 4.000000
3100 0.511572 4.000000
3100 0.511375 8.000000
3100 0.511652 8.000000
3100 0.513260 8.000000
3100 0.511084 8.000000
3100 0.511106 8.000000
3100 0.511393 8.000000
3100 0.512957 8.000000
3100 0.511659 8.000000
3100 0.512314 8.000000
3100 0.511990 8.000000
3100 0.511688 16.000000
3100 0.512133 16.000000
3100 0.511718 16.000000
3100 0.511714 16.000000
3100 0.514576 16.000000
3100 0.511941 16.000000
3100 0.511952 16.000000
3100 0.503749 16.000000
3100 0.503348 16.000000
3100 0.503618 16.000000
3100 0.503763 32.000000
