100 0.000792 2.000000
100 0.000683 2.000000
100 0.000594 2.000000
100 0.000574 2.000000
100 0.000575 2.000000
100 0.000573 2.000000
100 0.000575 2.000000
100 0.000573 2.000000
100 0.000574 2.000000
100 0.000573 2.000000
100 0.000573 4.000000
100 0.000580 4.000000
100 0.000576 4.000000
100 0.000575 4.000000
100 0.000575 4.000000
100 0.000595 4.000000
100 0.000577 4.000000
100 0.000593 4.000000
100 0.000576 4.000000
100 0.000575 4.000000
100 0.000575 8.000000
100 0.000576 8.000000
100 0.000591 8.000000
100 0.000575 8.000000
100 0.000576 8.000000
100 0.000576 8.000000
100 0.000576 8.000000
100 0.000577 8.000000
100 0.000576 8.000000
100 0.000576 8.000000
100 0.000577 16.000000
100 0.000594 16.000000
100 0.000583 16.000000
100 0.000579 16.000000
100 0.000575 16.000000
100 0.000620 16.000000
100 0.000616 16.000000
100 0.000605 16.000000
100 0.000574 16.000000
100 0.000574 16.000000
100 0.000580 32.000000
100 0.000579 32.000000
100 0.000577 32.000000
100 0.000575 32.000000
100 0.000575 32.000000
100 0.000575 32.000000
100 0.000575 32.000000
100 0.000586 32.000000
100 0.000576 32.000000
100 0.000575 32.000000
100 0.000577 64.000000
100 0.000575 64.000000
100 0.000575 64.000000
100 0.000575 64.000000
100 0.000620 64.000000
100 0.000575 64.000000
100 0.000575 64.000000
100 0.000575 64.000000
100 0.000577 64.000000
100 0.000595 64.000000
100 0.000574 128.000000
100 0.000577 128.000000
100 0.000575 128.000000
100 0.000574 128.000000
100 0.000576 128.000000
100 0.000575 128.000000
100 0.000576 128.000000
100 0.000576 128.000000
100 0.000579 128.000000
100 0.000575 128.000000
100 0.000591 256.000000
100 0.000630 256.000000
100 0.000579 256.000000
100 0.000584 256.000000
100 0.000610 256.000000
100 0.000598 256.000000
100 0.000581 256.000000
100 0.000577 256.000000
100 0.000576 256.000000
100 0.000576 256.000000
100 0.000581 512.000000
100 0.000576 512.000000
100 0.000577 512.000000
100 0.000577 512.000000
100 0.000594 512.000000
100 0.000575 512.000000
100 0.000576 512.000000
100 0.000575 512.000000
100 0.000577 512.000000
100 0.000575 512.000000
100 0.000584 1024.000000
100 0.000578 1024.000000
100 0.000605 1024.000000
100 0.000575 1024.000000
100 0.000575 1024.000000
100 0.000584 1024.000000
100 0.000576 1024.000000
100 0.000576 1024.000000
100 0.000575 1024.000000
100 0.000577 1024.000000
100 0.000792 2.000000
100 0.000692 2.000000
100 0.000576 2.000000
100 0.000573 2.000000
100 0.000576 2.000000
100 0.000574 2.000000
100 0.000594 2.000000
100 0.000582 2.000000
100 0.000582 2.000000
100 0.000576 2.000000
100 0.000580 4.000000
100 0.000584 4.000000
100 0.000577 4.000000
100 0.000576 4.000000
100 0.000581 4.000000
100 0.000576 4.000000
100 0.000575 4.000000
100 0.000576 4.000000
100 0.000621 4.000000
100 0.000582 4.000000
100 0.000575 8.000000
100 0.000574 8.000000
100 0.000574 8.000000
100 0.000575 8.000000
100 0.000577 8.000000
100 0.000577 8.000000
100 0.000575 8.000000
100 0.000577 8.000000
100 0.000577 8.000000
100 0.000575 8.000000
100 0.000592 16.000000
100 0.000596 16.000000
100 0.000582 16.000000
100 0.000578 16.000000
100 0.000577 16.000000
100 0.000584 16.000000
100 0.000582 16.000000
100 0.000579 16.000000
100 0.000593 16.000000
100 0.000591 16.000000
100 0.000575 32.000000
100 0.000585 32.000000
100 0.000575 32.000000
100 0.000584 32.000000
100 0.000577 32.000000
100 0.000575 32.000000
100 0.000581 32.000000
100 0.000576 32.000000
100 0.000577 32.000000
100 0.000577 32.000000
100 0.000575 64.000000
100 0.000577 64.000000
100 0.000576 64.000000
100 0.000576 64.000000
100 0.000577 64.000000
100 0.000577 64.000000
100 0.000576 64.000000
100 0.000576 64.000000
100 0.000577 64.000000
100 0.000578 64.000000
100 0.000594 128.000000
100 0.000576 128.000000
100 0.000605 128.000000
100 0.000575 128.000000
100 0.000578 128.000000
100 0.000578 128.000000
100 0.000578 128.000000
100 0.000576 128.000000
100 0.000576 128.000000
100 0.000576 128.000000
100 0.000581 256.000000
100 0.000606 256.000000
100 0.000584 256.000000
100 0.000582 256.000000
100 0.000592 256.000000
100 0.000578 256.000000
100 0.000583 256.000000
100 0.000576 256.000000
100 0.000575 256.000000
100 0.000575 256.000000
100 0.000575 512.000000
100 0.000575 512.000000
100 0.000616 512.000000
100 0.000601 512.000000
100 0.000575 512.000000
100 0.000575 512.000000
100 0.000575 512.000000
100 0.000577 512.000000
100 0.000580 512.000000
100 0.000589 512.000000
100 0.000572 1024.000000
100 0.000576 1024.000000
100 0.000575 1024.000000
100 0.000579 1024.000000
100 0.000599 1024.000000
100 0.000575 1024.000000
100 0.000578 1024.000000
100 0.000573 1024.000000
100 0.000591 1024.000000
100 0.000595 1024.000000
100 0.000760 2.000000
100 0.000630 2.000000
100 0.000575 2.000000
100 0.000563 2.000000
100 0.000553 2.000000
100 0.000561 2.000000
100 0.000571 2.000000
100 0.000553 2.000000
100 0.000547 2.000000
100 0.000569 2.000000
100 0.000565 4.000000
100 0.000565 4.000000
100 0.000584 4.000000
100 0.000553 4.000000
100 0.000553 4.000000
100 0.000606 4.000000
100 0.000554 4.000000
100 0.000554 4.000000
100 0.000581 4.000000
100 0.000585 4.000000
100 0.000560 8.000000
100 0.000595 8.000000
100 0.000566 8.000000
100 0.000552 8.000000
100 0.000600 8.000000
100 0.000561 8.000000
100 0.000553 8.000000
100 0.000592 8.000000
100 0.000554 8.000000
100 0.000571 8.000000
100 0.000578 16.000000
100 0.000553 16.000000
100 0.000553 16.000000
100 0.000589 16.000000
100 0.000559 16.000000
100 0.000553 16.000000
100 0.000589 16.000000
100 0.000569 16.000000
100 0.000572 16.000000
100 0.000605 16.000000
100 0.000557 32.000000
100 0.000554 32.000000
100 0.000580 32.000000
100 0.000553 32.000000
100 0.000570 32.000000
100 0.000571 32.000000
100 0.000553 32.000000
100 0.000554 32.000000
100 0.000637 32.000000
100 0.000572 32.000000
100 0.000554 64.000000
100 0.000578 64.000000
100 0.000573 64.000000
100 0.000553 64.000000
100 0.000600 64.000000
100 0.000553 64.000000
100 0.000558 64.000000
100 0.000577 64.000000
100 0.000554 64.000000
100 0.000554 64.000000
100 0.000593 128.000000
100 0.000553 128.000000
100 0.000553 128.000000
100 0.000571 128.000000
100 0.000554 128.000000
100 0.000557 128.000000
100 0.000582 128.000000
100 0.000554 128.000000
100 0.000552 128.000000
100 0.000589 128.000000
100 0.000564 256.000000
100 0.000572 256.000000
100 0.000572 256.000000
100 0.000571 256.000000
100 0.000553 256.000000
100 0.000596 256.000000
100 0.000553 256.000000
100 0.000554 256.000000
100 0.000603 256.000000
100 0.000552 256.000000
100 0.000546 512.000000
100 0.000610 512.000000
100 0.000559 512.000000
100 0.000558 512.000000
100 0.000607 512.000000
100 0.000558 512.000000
100 0.000570 512.000000
100 0.000626 512.000000
100 0.000556 512.000000
100 0.000553 512.000000
100 0.000614 1024.000000
100 0.000564 1024.000000
100 0.000572 1024.000000
100 0.000602 1024.000000
100 0.000553 1024.000000
100 0.000561 1024.000000
100 0.000570 1024.000000
100 0.000553 1024.000000
100 0.000554 1024.000000
100 0.000562 1024.000000
200 0.002259 2.000000
200 0.002125 2.000000
200 0.002150 2.000000
200 0.002189 2.000000
200 0.002146 2.000000
200 0.002175 2.000000
200 0.002209 2.000000
200 0.002173 2.000000
200 0.002177 2.000000
200 0.002222 2.000000
200 0.002178 4.000000
200 0.002190 4.000000
200 0.002177 4.000000
200 0.002214 4.000000
200 0.002211 4.000000
200 0.002254 4.000000
200 0.002211 4.000000
200 0.002309 4.000000
200 0.002285 4.000000
200 0.002156 4.000000
200 0.002194 8.000000
200 0.002171 8.000000
200 0.002181 8.000000
200 0.002149 8.000000
200 0.002206 8.000000
200 0.002191 8.000000
200 0.002186 8.000000
200 0.002171 8.000000
200 0.002207 8.000000
200 0.002139 8.000000
200 0.002163 16.000000
200 0.002189 16.000000
200 0.002195 16.000000
200 0.002173 16.000000
200 0.002208 16.000000
200 0.002178 16.000000
200 0.002364 16.000000
200 0.002135 16.000000
200 0.002177 16.000000
200 0.002180 16.000000
200 0.002168 32.000000
200 0.002222 32.000000
200 0.002151 32.000000
200 0.002157 32.000000
200 0.002134 32.000000
200 0.002223 32.000000
200 0.002185 32.000000
200 0.002196 32.000000
200 0.002194 32.000000
200 0.002193 32.000000
200 0.002162 64.000000
200 0.002208 64.000000
200 0.002158 64.000000
200 0.002172 64.000000
200 0.002236 64.000000
200 0.002179 64.000000
200 0.002142 64.000000
200 0.002194 64.000000
200 0.002144 64.000000
200 0.002162 64.000000
200 0.002179 128.000000
200 0.002154 128.000000
200 0.002194 128.000000
200 0.002152 128.000000
200 0.002189 128.000000
200 0.002189 128.000000
200 0.002161 128.000000
200 0.002201 128.000000
200 0.002188 128.000000
200 0.002145 128.000000
200 0.002194 256.000000
200 0.002202 256.000000
200 0.002219 256.000000
200 0.002174 256.000000
200 0.002207 256.000000
200 0.002143 256.000000
200 0.002178 256.000000
200 0.002255 256.000000
200 0.002189 256.000000
200 0.002159 256.000000
200 0.002193 512.000000
200 0.002221 512.000000
200 0.002173 512.000000
200 0.002195 512.000000
200 0.002174 512.000000
200 0.002207 512.000000
200 0.002193 512.000000
200 0.002200 512.000000
200 0.002207 512.000000
200 0.002198 512.000000
200 0.002171 1024.000000
200 0.002188 1024.000000
200 0.002166 1024.000000
200 0.002179 1024.000000
200 0.002243 1024.000000
200 0.002196 1024.000000
200 0.002207 1024.000000
200 0.002161 1024.000000
200 0.002176 1024.000000
200 0.002189 1024.000000
300 0.004959 2.000000
300 0.005094 2.000000
300 0.005124 2.000000
300 0.005014 2.000000
300 0.005232 2.000000
300 0.004895 2.000000
300 0.004895 2.000000
300 0.005080 2.000000
300 0.004981 2.000000
300 0.004993 2.000000
300 0.004868 4.000000
300 0.004910 4.000000
300 0.005188 4.000000
300 0.004864 4.000000
300 0.004924 4.000000
300 0.004869 4.000000
300 0.004913 4.000000
300 0.004884 4.000000
300 0.004900 4.000000
300 0.004913 4.000000
300 0.004865 8.000000
300 0.004883 8.000000
300 0.005097 8.000000
300 0.004884 8.000000
300 0.005167 8.000000
300 0.004983 8.000000
300 0.005243 8.000000
300 0.005212 8.000000
300 0.004904 8.000000
300 0.004893 8.000000
300 0.004954 16.000000
300 0.005059 16.000000
300 0.004896 16.000000
300 0.004898 16.000000
300 0.005211 16.000000
300 0.005082 16.000000
300 0.005128 16.000000
300 0.004908 16.000000
300 0.004914 16.000000
300 0.004887 16.000000
300 0.004875 32.000000
300 0.004908 32.000000
300 0.005132 32.000000
300 0.004888 32.000000
300 0.004942 32.000000
300 0.004922 32.000000
300 0.004890 32.000000
300 0.004959 32.000000
300 0.004995 32.000000
300 0.005085 32.000000
300 0.005131 64.000000
300 0.005137 64.000000
300 0.004883 64.000000
300 0.004890 64.000000
300 0.005183 64.000000
300 0.005081 64.000000
300 0.004871 64.000000
300 0.005207 64.000000
300 0.004972 64.000000
300 0.004931 64.000000
300 0.004957 128.000000
300 0.005231 128.000000
300 0.005193 128.000000
300 0.004875 128.000000
300 0.004903 128.000000
300 0.004911 128.000000
300 0.004890 128.000000
300 0.004883 128.000000
300 0.004881 128.000000
300 0.004919 128.000000
300 0.004957 256.000000
300 0.004908 256.000000
300 0.004943 256.000000
300 0.004875 256.000000
300 0.004901 256.000000
300 0.004867 256.000000
300 0.004849 256.000000
300 0.004880 256.000000
300 0.004927 256.000000
300 0.004906 256.000000
300 0.004962 512.000000
300 0.004881 512.000000
300 0.004892 512.000000
300 0.004987 512.000000
300 0.004896 512.000000
300 0.004912 512.000000
300 0.004784 512.000000
300 0.004875 512.000000
300 0.004848 512.000000
300 0.004900 512.000000
300 0.004890 1024.000000
300 0.004876 1024.000000
300 0.004890 1024.000000
300 0.004872 1024.000000
300 0.004909 1024.000000
300 0.004860 1024.000000
300 0.004871 1024.000000
300 0.004902 1024.000000
300 0.004904 1024.000000
300 0.004862 1024.000000
400 0.008646 2.000000
400 0.008567 2.000000
400 0.008686 2.000000
400 0.009076 2.000000
400 0.008610 2.000000
400 0.008604 2.000000
400 0.008879 2.000000
400 0.008620 2.000000
400 0.008672 2.000000
400 0.008689 2.000000
400 0.008619 4.000000
400 0.008654 4.000000
400 0.008636 4.000000
400 0.008622 4.000000
400 0.008671 4.000000
400 0.008755 4.000000
400 0.008658 4.000000
400 0.008636 4.000000
400 0.008636 4.000000
400 0.008891 4.000000
400 0.009238 8.000000
400 0.008744 8.000000
400 0.009157 8.000000
400 0.008922 8.000000
400 0.008642 8.000000
400 0.008843 8.000000
400 0.008686 8.000000
400 0.008635 8.000000
400 0.008647 8.000000
400 0.008631 8.000000
400 0.008588 16.000000
400 0.008590 16.000000
400 0.008604 16.000000
400 0.008714 16.000000
400 0.008681 16.000000
400 0.008674 16.000000
400 0.008669 16.000000
400 0.008619 16.000000
400 0.008647 16.000000
400 0.008624 16.000000
400 0.008655 32.000000
400 0.009084 32.000000
400 0.009017 32.000000
400 0.009123 32.000000
400 0.008908 32.000000
400 0.008749 32.000000
400 0.008717 32.000000
400 0.008917 32.000000
400 0.008650 32.000000
400 0.009005 32.000000
400 0.009013 64.000000
400 0.009031 64.000000
400 0.008831 64.000000
400 0.008942 64.000000
400 0.008494 64.000000
400 0.008621 64.000000
400 0.008609 64.000000
400 0.008603 64.000000
400 0.008584 64.000000
400 0.008585 64.000000
400 0.008534 128.000000
400 0.008638 128.000000
400 0.008653 128.000000
400 0.008645 128.000000
400 0.008953 128.000000
400 0.008607 128.000000
400 0.008738 128.000000
400 0.008640 128.000000
400 0.008632 128.000000
400 0.008577 128.000000
400 0.008619 256.000000
400 0.008621 256.000000
400 0.008631 256.000000
400 0.008628 256.000000
400 0.008665 256.000000
400 0.008664 256.000000
400 0.008612 256.000000
400 0.008740 256.000000
400 0.008647 256.000000
400 0.008548 256.000000
400 0.008602 512.000000
400 0.008553 512.000000
400 0.008575 512.000000
400 0.008638 512.000000
400 0.008556 512.000000
400 0.008642 512.000000
400 0.008598 512.000000
400 0.008568 512.000000
400 0.008937 512.000000
400 0.008628 512.000000
400 0.008651 1024.000000
400 0.008633 1024.000000
400 0.008664 1024.000000
400 0.008570 1024.000000
400 0.008625 1024.000000
400 0.008684 1024.000000
400 0.008527 1024.000000
400 0.008644 1024.000000
400 0.008621 1024.000000
400 0.008592 1024.000000
500 0.013303 2.000000
500 0.013425 2.000000
500 0.013282 2.000000
500 0.013352 2.000000
500 0.013322 2.000000
500 0.013462 2.000000
500 0.013411 2.000000
500 0.013399 2.000000
500 0.013378 2.000000
500 0.013702 2.000000
500 0.013351 4.000000
500 0.013349 4.000000
500 0.013346 4.000000
500 0.013387 4.000000
500 0.024405 4.000000
500 0.013241 4.000000
500 0.013431 4.000000
500 0.013329 4.000000
500 0.013363 4.000000
500 0.013339 4.000000
500 0.013345 8.000000
500 0.013402 8.000000
500 0.013462 8.000000
500 0.013370 8.000000
500 0.013361 8.000000
500 0.013452 8.000000
500 0.013303 8.000000
500 0.013436 8.000000
500 0.013429 8.000000
500 0.013521 8.000000
500 0.013441 16.000000
500 0.013559 16.000000
500 0.013384 16.000000
500 0.013432 16.000000
500 0.013525 16.000000
500 0.013321 16.000000
500 0.013368 16.000000
500 0.013259 16.000000
500 0.013297 16.000000
500 0.013323 16.000000
500 0.013341 32.000000
500 0.013391 32.000000
500 0.013328 32.000000
500 0.013405 32.000000
500 0.013337 32.000000
500 0.013366 32.000000
500 0.013283 32.000000
500 0.013401 32.000000
500 0.013367 32.000000
500 0.013448 32.000000
500 0.013482 64.000000
500 0.013338 64.000000
500 0.013402 64.000000
500 0.013344 64.000000
500 0.013384 64.000000
500 0.013304 64.000000
500 0.013280 64.000000
500 0.013281 64.000000
500 0.013402 64.000000
500 0.013393 64.000000
500 0.013321 128.000000
500 0.013300 128.000000
500 0.013271 128.000000
500 0.013410 128.000000
500 0.013423 128.000000
500 0.013361 128.000000
500 0.013392 128.000000
500 0.013348 128.000000
500 0.013817 128.000000
500 0.013219 128.000000
500 0.013296 256.000000
500 0.013387 256.000000
500 0.013329 256.000000
500 0.013309 256.000000
500 0.013379 256.000000
500 0.013396 256.000000
500 0.013370 256.000000
500 0.013406 256.000000
500 0.013382 256.000000
500 0.013414 256.000000
500 0.013313 512.000000
500 0.013343 512.000000
500 0.013414 512.000000
500 0.013618 512.000000
500 0.013393 512.000000
500 0.013379 512.000000
500 0.013291 512.000000
500 0.013366 512.000000
500 0.013689 512.000000
500 0.013328 512.000000
500 0.013373 1024.000000
500 0.013461 1024.000000
500 0.013304 1024.000000
500 0.013380 1024.000000
500 0.013449 1024.000000
500 0.013359 1024.000000
500 0.013330 1024.000000
500 0.013292 1024.000000
500 0.013291 1024.000000
500 0.013273 1024.000000
600 0.019250 2.000000
600 0.019150 2.000000
600 0.019538 2.000000
600 0.019318 2.000000
600 0.019215 2.000000
600 0.019235 2.000000
600 0.019220 2.000000
600 0.019775 2.000000
600 0.020050 2.000000
600 0.019428 2.000000
600 0.019426 4.000000
600 0.019396 4.000000
600 0.019355 4.000000
600 0.019540 4.000000
600 0.019412 4.000000
600 0.019288 4.000000
600 0.019843 4.000000
600 0.019092 4.000000
600 0.019186 4.000000
600 0.019255 4.000000
600 0.019756 8.000000
600 0.019544 8.000000
600 0.019319 8.000000
600 0.019204 8.000000
600 0.019412 8.000000
600 0.019023 8.000000
600 0.019105 8.000000
600 0.019153 8.000000
600 0.019108 8.000000
600 0.019024 8.000000
600 0.019152 16.000000
600 0.019180 16.000000
600 0.019059 16.000000
600 0.019093 16.000000
600 0.019189 16.000000
600 0.019295 16.000000
600 0.019563 16.000000
600 0.019651 16.000000
600 0.019133 16.000000
600 0.019720 16.000000
600 0.019200 32.000000
600 0.019310 32.000000
600 0.019223 32.000000
600 0.019739 32.000000
600 0.019139 32.000000
600 0.019123 32.000000
600 0.019395 32.000000
600 0.019645 32.000000
600 0.020369 32.000000
600 0.019311 32.000000
600 0.020389 64.000000
600 0.021401 64.000000
600 0.019193 64.000000
600 0.019101 64.000000
600 0.019919 64.000000
600 0.019181 64.000000
600 0.019016 64.000000
600 0.019097 64.000000
600 0.019606 64.000000
600 0.019124 64.000000
600 0.020057 128.000000
600 0.019259 128.000000
600 0.020044 128.000000
600 0.020068 128.000000
600 0.020460 128.000000
600 0.019092 128.000000
600 0.019194 128.000000
600 0.019148 128.000000
600 0.019332 128.000000
600 0.019076 128.000000
600 0.019165 256.000000
600 0.019243 256.000000
600 0.019125 256.000000
600 0.019061 256.000000
600 0.019206 256.000000
600 0.019872 256.000000
600 0.019296 256.000000
600 0.019192 256.000000
600 0.019269 256.000000
600 0.019306 256.000000
600 0.019994 512.000000
600 0.019940 512.000000
600 0.020058 512.000000
600 0.020326 512.000000
600 0.019831 512.000000
600 0.019263 512.000000
600 0.019280 512.000000
600 0.019343 512.000000
600 0.019102 512.000000
600 0.019340 512.000000
600 0.019259 1024.000000
600 0.019206 1024.000000
600 0.019094 1024.000000
600 0.019139 1024.000000
600 0.019157 1024.000000
600 0.019051 1024.000000
600 0.019216 1024.000000
600 0.019074 1024.000000
600 0.019192 1024.000000
600 0.019024 1024.000000
700 0.025996 2.000000
700 0.025919 2.000000
700 0.026159 2.000000
700 0.026096 2.000000
700 0.025807 2.000000
700 0.026192 2.000000
700 0.026012 2.000000
700 0.026162 2.000000
700 0.025925 2.000000
700 0.025949 2.000000
700 0.026037 4.000000
700 0.025978 4.000000
700 0.026018 4.000000
700 0.026025 4.000000
700 0.026211 4.000000
700 0.026228 4.000000
700 0.026126 4.000000
700 0.026098 4.000000
700 0.025949 4.000000
700 0.026000 4.000000
700 0.026208 8.000000
700 0.026020 8.000000
700 0.025977 8.000000
700 0.026013 8.000000
700 0.025957 8.000000
700 0.025976 8.000000
700 0.026002 8.000000
700 0.026010 8.000000
700 0.026069 8.000000
700 0.026240 8.000000
700 0.026224 16.000000
700 0.026044 16.000000
700 0.026011 16.000000
700 0.025990 16.000000
700 0.026157 16.000000
700 0.026173 16.000000
700 0.026634 16.000000
700 0.026064 16.000000
700 0.027663 16.000000
700 0.026024 16.000000
700 0.027195 32.000000
700 0.026060 32.000000
700 0.026426 32.000000
700 0.026166 32.000000
700 0.047884 32.000000
700 0.026458 32.000000
700 0.026107 32.000000
700 0.026988 32.000000
700 0.026058 32.000000
700 0.026081 32.000000
700 0.026101 64.000000
700 0.026267 64.000000
700 0.026064 64.000000
700 0.026122 64.000000
700 0.026012 64.000000
700 0.026084 64.000000
700 0.026068 64.000000
700 0.026150 64.000000
700 0.026155 64.000000
700 0.026039 64.000000
700 0.025972 128.000000
700 0.026224 128.000000
700 0.026085 128.000000
700 0.025892 128.000000
700 0.026066 128.000000
700 0.025963 128.000000
700 0.026188 128.000000
700 0.025965 128.000000
700 0.025926 128.000000
700 0.025943 128.000000
700 0.026025 256.000000
700 0.026023 256.000000
700 0.025976 256.000000
700 0.025966 256.000000
700 0.025962 256.000000
700 0.025950 256.000000
700 0.026141 256.000000
700 0.026306 256.000000
700 0.025944 256.000000
700 0.025981 256.000000
700 0.026055 512.000000
700 0.025932 512.000000
700 0.025924 512.000000
700 0.026031 512.000000
700 0.026014 512.000000
700 0.026887 512.000000
700 0.026001 512.000000
700 0.025943 512.000000
700 0.026031 512.000000
700 0.025953 512.000000
700 0.025896 1024.000000
700 0.025934 1024.000000
700 0.026140 1024.000000
700 0.025988 1024.000000
700 0.026016 1024.000000
700 0.026487 1024.000000
700 0.025970 1024.000000
700 0.025982 1024.000000
700 0.026004 1024.000000
700 0.025902 1024.000000
800 0.034078 2.000000
800 0.034012 2.000000
800 0.034020 2.000000
800 0.034070 2.000000
800 0.033904 2.000000
800 0.034047 2.000000
800 0.050418 2.000000
800 0.034152 2.000000
800 0.034003 2.000000
800 0.033918 2.000000
800 0.034269 4.000000
800 0.034023 4.000000
800 0.034399 4.000000
800 0.033955 4.000000
800 0.034037 4.000000
800 0.034083 4.000000
800 0.033989 4.000000
800 0.034040 4.000000
800 0.034061 4.000000
800 0.034218 4.000000
800 0.033950 8.000000
800 0.033931 8.000000
800 0.033962 8.000000
800 0.034405 8.000000
800 0.033940 8.000000
800 0.033874 8.000000
800 0.033964 8.000000
800 0.033991 8.000000
800 0.033985 8.000000
800 0.034144 8.000000
800 0.033968 16.000000
800 0.033989 16.000000
800 0.033907 16.000000
800 0.034160 16.000000
800 0.034018 16.000000
800 0.034270 16.000000
800 0.034217 16.000000
800 0.034051 16.000000
800 0.034029 16.000000
800 0.034084 16.000000
800 0.034262 32.000000
800 0.034018 32.000000
800 0.034061 32.000000
800 0.034261 32.000000
800 0.034063 32.000000
800 0.034063 32.000000
800 0.034120 32.000000
800 0.034099 32.000000
800 0.033959 32.000000
800 0.034090 32.000000
800 0.033911 64.000000
800 0.033984 64.000000
800 0.033871 64.000000
800 0.034032 64.000000
800 0.033974 64.000000
800 0.034128 64.000000
800 0.034051 64.000000
800 0.034064 64.000000
800 0.034084 64.000000
800 0.035271 64.000000
800 0.034112 128.000000
800 0.033999 128.000000
800 0.034395 128.000000
800 0.034325 128.000000
800 0.033990 128.000000
800 0.034100 128.000000
800 0.033965 128.000000
800 0.034101 128.000000
800 0.033938 128.000000
800 0.033942 128.000000
800 0.034070 256.000000
800 0.034007 256.000000
800 0.034193 256.000000
800 0.034003 256.000000
800 0.034281 256.000000
800 0.034282 256.000000
800 0.034055 256.000000
800 0.033895 256.000000
800 0.033905 256.000000
800 0.033921 256.000000
800 0.034054 512.000000
800 0.033933 512.000000
800 0.034164 512.000000
800 0.033952 512.000000
800 0.033905 512.000000
800 0.033963 512.000000
800 0.033957 512.000000
800 0.034003 512.000000
800 0.034118 512.000000
800 0.034118 512.000000
800 0.034461 1024.000000
800 0.033999 1024.000000
800 0.034084 1024.000000
800 0.033915 1024.000000
800 0.033965 1024.000000
800 0.034066 1024.000000
800 0.034126 1024.000000
800 0.033935 1024.000000
800 0.033928 1024.000000
800 0.034105 1024.000000
900 0.043163 2.000000
900 0.042895 2.000000
900 0.043082 2.000000
900 0.043100 2.000000
900 0.043298 2.000000
900 0.043569 2.000000
900 0.043230 2.000000
900 0.042984 2.000000
900 0.043371 2.000000
900 0.043274 2.000000
900 0.043068 4.000000
900 0.043076 4.000000
900 0.043218 4.000000
900 0.043290 4.000000
900 0.043090 4.000000
900 0.043127 4.000000
900 0.042994 4.000000
900 0.043286 4.000000
900 0.043132 4.000000
900 0.043161 4.000000
900 0.043170 8.000000
900 0.043212 8.000000
900 0.043057 8.000000
900 0.043470 8.000000
900 0.043139 8.000000
900 0.042991 8.000000
900 0.043110 8.000000
900 0.042950 8.000000
900 0.043067 8.000000
900 0.043145 8.000000
900 0.043150 16.000000
900 0.043275 16.000000
900 0.042920 16.000000
900 0.043034 16.000000
900 0.043302 16.000000
900 0.042992 16.000000
900 0.044768 16.000000
900 0.043165 16.000000
900 0.043082 16.000000
900 0.043069 16.000000
900 0.043098 32.000000
900 0.043171 32.000000
900 0.043092 32.000000
900 0.043222 32.000000
900 0.043140 32.000000
900 0.043230 32.000000
900 0.043067 32.000000
900 0.043051 32.000000
900 0.043071 32.000000
900 0.043125 32.000000
900 0.043019 64.000000
900 0.043102 64.000000
900 0.043013 64.000000
900 0.043122 64.000000
900 0.043174 64.000000
900 0.043541 64.000000
900 0.043211 64.000000
900 0.043457 64.000000
900 0.043034 64.000000
900 0.043111 64.000000
900 0.043423 128.000000
900 0.043335 128.000000
900 0.042942 128.000000
900 0.043420 128.000000
900 0.043132 128.000000
900 0.043275 128.000000
900 0.043231 128.000000
900 0.042979 128.000000
900 0.043072 128.000000
900 0.043024 128.000000
900 0.043276 256.000000
900 0.043057 256.000000
900 0.043013 256.000000
900 0.043080 256.000000
900 0.043207 256.000000
900 0.043004 256.000000
900 0.043045 256.000000
900 0.043220 256.000000
900 0.043177 256.000000
900 0.043052 256.000000
900 0.042979 512.000000
900 0.042967 512.000000
900 0.043294 512.000000
900 0.043118 512.000000
900 0.043177 512.000000
900 0.043187 512.000000
900 0.043350 512.000000
900 0.043075 512.000000
900 0.043112 512.000000
900 0.043286 512.000000
900 0.043465 1024.000000
900 0.043533 1024.000000
900 0.043129 1024.000000
900 0.045125 1024.000000
900 0.043182 1024.000000
900 0.043256 1024.000000
900 0.046328 1024.000000
900 0.044073 1024.000000
900 0.044344 1024.000000
900 0.044559 1024.000000
1000 0.055297 2.000000
1000 0.054871 2.000000
1000 0.053360 2.000000
1000 0.053720 2.000000
1000 0.053458 2.000000
1000 0.053424 2.000000
1000 0.053219 2.000000
1000 0.053398 2.000000
1000 0.053703 2.000000
1000 0.053387 2.000000
1000 0.053968 4.000000
1000 0.053348 4.000000
1000 0.054936 4.000000
1000 0.053436 4.000000
1000 0.055244 4.000000
1000 0.054136 4.000000
1000 0.053355 4.000000
1000 0.053727 4.000000
1000 0.053727 4.000000
1000 0.053239 4.000000
1000 0.055776 8.000000
1000 0.053537 8.000000
1000 0.054364 8.000000
1000 0.053740 8.000000
1000 0.053146 8.000000
1000 0.054596 8.000000
1000 0.053745 8.000000
1000 0.053224 8.000000
1000 0.053538 8.000000
1000 0.053394 8.000000
1000 0.053436 16.000000
1000 0.065217 16.000000
1000 0.053932 16.000000
1000 0.053402 16.000000
1000 0.054378 16.000000
1000 0.053550 16.000000
1000 0.053657 16.000000
1000 0.053465 16.000000
1000 0.054049 16.000000
1000 0.053698 16.000000
1000 0.054178 32.000000
1000 0.054567 32.000000
1000 0.055268 32.000000
1000 0.054871 32.000000
1000 0.057012 32.000000
1000 0.057092 32.000000
1000 0.055830 32.000000
1000 0.053535 32.000000
1000 0.057245 32.000000
1000 0.055762 32.000000
1000 0.056171 64.000000
1000 0.056513 64.000000
1000 0.054710 64.000000
1000 0.053650 64.000000
1000 0.053277 64.000000
1000 0.054406 64.000000
1000 0.055896 64.000000
1000 0.053929 64.000000
1000 0.055774 64.000000
1000 0.053971 64.000000
1000 0.054680 128.000000
1000 0.054848 128.000000
1000 0.054319 128.000000
1000 0.056092 128.000000
1000 0.055820 128.000000
1000 0.053093 128.000000
1000 0.053397 128.000000
1000 0.056148 128.000000
1000 0.053353 128.000000
1000 0.054126 128.000000
1000 0.053566 256.000000
1000 0.053558 256.000000
1000 0.053993 256.000000
1000 0.054099 256.000000
1000 0.053418 256.000000
1000 0.053343 256.000000
1000 0.053234 256.000000
1000 0.053962 256.000000
1000 0.053474 256.000000
1000 0.053620 256.000000
1000 0.054818 512.000000
1000 0.053605 512.000000
1000 0.053625 512.000000
1000 0.053301 512.000000
1000 0.053818 512.000000
1000 0.053449 512.000000
1000 0.053867 512.000000
1000 0.053484 512.000000
1000 0.053310 512.000000
1000 0.055285 512.000000
1000 0.054429 1024.000000
1000 0.053934 1024.000000
1000 0.053362 1024.000000
1000 0.053386 1024.000000
1000 0.055326 1024.000000
1000 0.054809 1024.000000
1000 0.053449 1024.000000
1000 0.053575 1024.000000
1000 0.055641 1024.000000
1000 0.053670 1024.000000
3100 0.512839 2.000000
3100 0.526399 2.000000
3100 0.512843 2.000000
3100 0.542947 2.000000
3100 0.527652 2.000000
3100 0.510860 2.000000
3100 0.511320 2.000000
3100 0.510736 2.000000
3100 0.510752 2.000000
3100 0.510789 2.000000
3100 0.510773 4.000000
3100 0.510959 4.000000
3100 0.524528 4.000000
3100 0.510481 4.000000
3100 0.511123 4.000000
3100 0.510916 4.000000
3100 0.510208 4.000000
3100 0.510698 4.000000
3100 0.510921 4.000000
3100 0.511491 4.000000
3100 0.510858 8.000000
3100 0.511309 8.000000
3100 0.512347 8.000000
3100 0.510268 8.000000
3100 0.511494 8.000000
3100 0.511675 8.000000
3100 0.512650 8.000000
3100 0.509912 8.000000
3100 0.511238 8.000000
3100 0.510902 8.000000
3100 0.512128 16.000000
3100 0.512246 16.000000
3100 0.511296 16.000000
3100 0.518121 16.000000
3100 0.515327 16.000000
3100 0.519813 16.000000
3100 0.512569 16.000000
3100 0.502914 16.000000
3100 0.502882 16.000000
3100 0.502844 16.000000
3100 0.503087 32.000000
