100 0.000763 2.000000
100 0.000653 2.000000
100 0.000572 2.000000
100 0.000553 2.000000
100 0.000555 2.000000
100 0.000553 2.000000
100 0.000557 2.000000
100 0.000553 2.000000
100 0.000553 2.000000
100 0.000573 2.000000
100 0.000553 4.000000
100 0.000554 4.000000
100 0.000554 4.000000
100 0.000554 4.000000
100 0.000589 4.000000
100 0.000546 4.000000
100 0.000562 4.000000
100 0.000554 4.000000
100 0.000554 4.000000
100 0.000553 4.000000
100 0.000593 8.000000
100 0.000572 8.000000
100 0.000553 8.000000
100 0.000553 8.000000
100 0.000555 8.000000
100 0.000554 8.000000
100 0.000558 8.000000
100 0.000554 8.000000
100 0.000553 8.000000
100 0.000554 8.000000
100 0.000554 16.000000
100 0.000552 16.000000
100 0.000553 16.000000
100 0.000554 16.000000
100 0.000554 16.000000
100 0.000554 16.000000
100 0.000553 16.000000
100 0.000592 16.000000
100 0.000554 16.000000
100 0.000572 16.000000
100 0.000554 32.000000
100 0.000554 32.000000
100 0.000554 32.000000
100 0.000572 32.000000
100 0.000553 32.000000
100 0.000607 32.000000
100 0.000589 32.000000
100 0.000607 32.000000
100 0.000572 32.000000
100 0.000572 32.000000
100 0.000596 64.000000
100 0.000553 64.000000
100 0.000553 64.000000
100 0.000553 64.000000
100 0.000553 64.000000
100 0.000594 64.000000
100 0.000608 64.000000
100 0.000552 64.000000
100 0.000554 64.000000
100 0.000553 64.000000
100 0.000553 128.000000
100 0.000554 128.000000
100 0.000554 128.000000
100 0.000572 128.000000
100 0.000553 128.000000
100 0.000553 128.000000
100 0.000553 128.000000
100 0.000572 128.000000
100 0.000608 128.000000
100 0.000572 128.000000
100 0.000572 256.000000
100 0.000572 256.000000
100 0.000572 256.000000
100 0.000572 256.000000
100 0.000586 256.000000
100 0.000554 256.000000
100 0.000565 256.000000
100 0.000623 256.000000
100 0.000553 256.000000
100 0.000553 256.000000
100 0.000554 512.000000
100 0.000553 512.000000
100 0.000554 512.000000
100 0.000554 512.000000
100 0.000554 512.000000
100 0.000553 512.000000
100 0.000553 512.000000
100 0.000553 512.000000
100 0.000558 512.000000
100 0.000552 512.000000
100 0.000555 1024.000000
100 0.000554 1024.000000
100 0.000604 1024.000000
100 0.000570 1024.000000
100 0.000553 1024.000000
100 0.000593 1024.000000
100 0.000590 1024.000000
100 0.000546 1024.000000
100 0.000553 1024.000000
100 0.000554 1024.000000
100 0.000771 2.000000
100 0.000679 2.000000
100 0.000556 2.000000
100 0.000555 2.000000
100 0.000556 2.000000
100 0.000572 2.000000
100 0.000556 2.000000
100 0.000554 2.000000
100 0.000554 2.000000
100 0.000556 2.000000
100 0.000555 4.000000
100 0.000563 4.000000
100 0.000556 4.000000
100 0.000556 4.000000
100 0.000556 4.000000
100 0.000556 4.000000
100 0.000555 4.000000
100 0.000556 4.000000
100 0.000554 4.000000
100 0.000555 4.000000
100 0.000554 8.000000
100 0.000554 8.000000
100 0.000556 8.000000
100 0.000569 8.000000
100 0.000590 8.000000
100 0.000576 8.000000
100 0.000553 8.000000
100 0.000558 8.000000
100 0.000584 8.000000
100 0.000562 8.000000
100 0.000556 16.000000
100 0.000563 16.000000
100 0.000569 16.000000
100 0.000580 16.000000
100 0.000607 16.000000
100 0.000555 16.000000
100 0.000555 16.000000
100 0.000554 16.000000
100 0.000555 16.000000
100 0.000554 16.000000
100 0.000570 32.000000
100 0.000555 32.000000
100 0.000554 32.000000
100 0.000550 32.000000
100 0.000556 32.000000
100 0.000560 32.000000
100 0.000555 32.000000
100 0.000596 32.000000
100 0.000555 32.000000
100 0.000558 32.000000
100 0.000554 64.000000
100 0.000559 64.000000
100 0.000554 64.000000
100 0.000558 64.000000
100 0.000555 64.000000
100 0.000571 64.000000
100 0.000554 64.000000
100 0.000555 64.000000
100 0.000558 64.000000
100 0.000561 64.000000
100 0.000555 128.000000
100 0.000554 128.000000
100 0.000555 128.000000
100 0.000554 128.000000
100 0.000559 128.000000
100 0.000579 128.000000
100 0.000573 128.000000
100 0.000554 128.000000
100 0.000554 128.000000
100 0.000554 128.000000
100 0.000556 256.000000
100 0.000554 256.000000
100 0.000550 256.000000
100 0.000556 256.000000
100 0.000556 256.000000
100 0.000556 256.000000
100 0.000554 256.000000
100 0.000548 256.000000
100 0.000555 256.000000
100 0.000555 256.000000
100 0.000592 512.000000
100 0.000554 512.000000
100 0.000554 512.000000
100 0.000554 512.000000
100 0.000557 512.000000
100 0.000554 512.000000
100 0.000581 512.000000
100 0.000555 512.000000
100 0.000548 512.000000
100 0.000556 512.000000
100 0.000556 1024.000000
100 0.000554 1024.000000
100 0.000555 1024.000000
100 0.000573 1024.000000
100 0.000566 1024.000000
100 0.000555 1024.000000
100 0.000556 1024.000000
100 0.000555 1024.000000
100 0.000554 1024.000000
100 0.000568 1024.000000
100 0.000792 2.000000
100 0.000656 2.000000
100 0.000594 2.000000
100 0.000574 2.000000
100 0.000577 2.000000
100 0.000575 2.000000
100 0.000594 2.000000
100 0.000574 2.000000
100 0.000578 2.000000
100 0.000611 2.000000
100 0.000575 4.000000
100 0.000575 4.000000
100 0.000661 4.000000
100 0.000580 4.000000
100 0.000575 4.000000
100 0.000585 4.000000
100 0.000584 4.000000
100 0.000593 4.000000
100 0.000648 4.000000
100 0.000580 4.000000
100 0.000575 8.000000
100 0.000623 8.000000
100 0.000578 8.000000
100 0.000577 8.000000
100 0.000585 8.000000
100 0.000576 8.000000
100 0.000597 8.000000
100 0.000613 8.000000
100 0.000578 8.000000
100 0.000588 8.000000
100 0.000646 16.000000
100 0.000575 16.000000
100 0.000576 16.000000
100 0.000604 16.000000
100 0.000586 16.000000
100 0.000594 16.000000
100 0.000637 16.000000
100 0.000575 16.000000
100 0.000575 16.000000
100 0.000593 16.000000
100 0.000577 32.000000
100 0.000581 32.000000
100 0.000616 32.000000
100 0.000576 32.000000
100 0.000576 32.000000
100 0.000642 32.000000
100 0.000577 32.000000
100 0.000592 32.000000
100 0.000599 32.000000
100 0.000576 32.000000
100 0.000581 64.000000
100 0.000596 64.000000
100 0.000576 64.000000
100 0.000578 64.000000
100 0.000592 64.000000
100 0.000581 64.000000
100 0.000578 64.000000
100 0.000603 64.000000
100 0.000578 64.000000
100 0.000577 64.000000
100 0.000630 128.000000
100 0.000587 128.000000
100 0.000576 128.000000
100 0.000635 128.000000
100 0.000577 128.000000
100 0.000578 128.000000
100 0.000623 128.000000
100 0.000591 128.000000
100 0.000576 128.000000
100 0.000613 128.000000
100 0.000582 256.000000
100 0.000576 256.000000
100 0.000627 256.000000
100 0.000576 256.000000
100 0.000575 256.000000
100 0.000611 256.000000
100 0.000579 256.000000
100 0.000582 256.000000
100 0.000585 256.000000
100 0.000576 256.000000
100 0.000578 512.000000
100 0.000592 512.000000
100 0.000582 512.000000
100 0.000584 512.000000
100 0.000586 512.000000
100 0.000577 512.000000
100 0.000591 512.000000
100 0.000598 512.000000
100 0.000577 512.000000
100 0.000575 512.000000
100 0.000585 1024.000000
100 0.000578 1024.000000
100 0.000596 1024.000000
100 0.000593 1024.000000
100 0.000575 1024.000000
100 0.000575 1024.000000
100 0.000627 1024.000000
100 0.000635 1024.000000
100 0.000590 1024.000000
100 0.000635 1024.000000
200 0.002407 2.000000
200 0.002203 2.000000
200 0.002221 2.000000
200 0.002291 2.000000
200 0.002225 2.000000
200 0.002261 2.000000
200 0.002231 2.000000
200 0.002224 2.000000
200 0.002207 2.000000
200 0.002241 2.000000
200 0.002217 4.000000
200 0.002187 4.000000
200 0.002224 4.000000
200 0.002224 4.000000
200 0.002281 4.000000
200 0.002484 4.000000
200 0.002309 4.000000
200 0.002417 4.000000
200 0.002306 4.000000
200 0.002204 4.000000
200 0.002234 8.000000
200 0.002218 8.000000
200 0.002171 8.000000
200 0.002229 8.000000
200 0.002193 8.000000
200 0.002225 8.000000
200 0.002255 8.000000
200 0.002233 8.000000
200 0.002247 8.000000
200 0.002218 8.000000
200 0.002189 16.000000
200 0.002234 16.000000
200 0.002191 16.000000
200 0.002171 16.000000
200 0.002239 16.000000
200 0.002194 16.000000
200 0.002280 16.000000
200 0.002300 16.000000
200 0.002219 16.000000
200 0.002208 16.000000
200 0.002254 32.000000
200 0.002247 32.000000
200 0.002233 32.000000
200 0.002220 32.000000
200 0.002224 32.000000
200 0.002281 32.000000
200 0.002198 32.000000
200 0.002209 32.000000
200 0.002249 32.000000
200 0.002199 32.000000
200 0.002202 64.000000
200 0.002265 64.000000
200 0.002170 64.000000
200 0.002217 64.000000
200 0.002336 64.000000
200 0.002239 64.000000
200 0.002198 64.000000
200 0.002254 64.000000
200 0.002189 64.000000
200 0.002187 64.000000
200 0.002210 128.000000
200 0.002254 128.000000
200 0.002256 128.000000
200 0.002224 128.000000
200 0.002234 128.000000
200 0.002248 128.000000
200 0.002241 128.000000
200 0.002194 128.000000
200 0.002265 128.000000
200 0.002186 128.000000
200 0.002247 256.000000
200 0.002271 256.000000
200 0.002226 256.000000
200 0.002234 256.000000
200 0.002245 256.000000
200 0.002225 256.000000
200 0.002223 256.000000
200 0.002309 256.000000
200 0.002186 256.000000
200 0.002246 256.000000
200 0.002207 512.000000
200 0.002247 512.000000
200 0.002253 512.000000
200 0.002267 512.000000
200 0.002240 512.000000
200 0.002277 512.000000
200 0.002223 512.000000
200 0.002269 512.000000
200 0.002280 512.000000
200 0.002205 512.000000
200 0.002237 1024.000000
200 0.002257 1024.000000
200 0.002222 1024.000000
200 0.002204 1024.000000
200 0.002306 1024.000000
200 0.002309 1024.000000
200 0.002227 1024.000000
200 0.002221 1024.000000
200 0.002232 1024.000000
200 0.002237 1024.000000
300 0.005182 2.000000
300 0.004970 2.000000
300 0.004939 2.000000
300 0.004986 2.000000
300 0.004977 2.000000
300 0.005140 2.000000
300 0.004995 2.000000
300 0.005012 2.000000
300 0.005207 2.000000
300 0.005297 2.000000
300 0.004921 4.000000
300 0.004967 4.000000
300 0.005096 4.000000
300 0.004935 4.000000
300 0.004966 4.000000
300 0.004945 4.000000
300 0.004915 4.000000
300 0.004974 4.000000
300 0.004948 4.000000
300 0.004943 4.000000
300 0.004922 8.000000
300 0.004988 8.000000
300 0.005437 8.000000
300 0.004948 8.000000
300 0.005182 8.000000
300 0.005262 8.000000
300 0.005001 8.000000
300 0.005079 8.000000
300 0.005145 8.000000
300 0.005317 8.000000
300 0.005221 16.000000
300 0.005163 16.000000
300 0.005080 16.000000
300 0.005106 16.000000
300 0.005132 16.000000
300 0.005161 16.000000
300 0.005276 16.000000
300 0.004969 16.000000
300 0.005016 16.000000
300 0.004937 16.000000
300 0.004977 32.000000
300 0.004995 32.000000
300 0.005100 32.000000
300 0.004996 32.000000
300 0.005017 32.000000
300 0.005335 32.000000
300 0.005158 32.000000
300 0.004958 32.000000
300 0.005287 32.000000
300 0.005269 32.000000
300 0.005150 64.000000
300 0.004948 64.000000
300 0.005068 64.000000
300 0.005071 64.000000
300 0.004932 64.000000
300 0.004974 64.000000
300 0.004961 64.000000
300 0.005044 64.000000
300 0.004848 64.000000
300 0.005307 64.000000
300 0.005323 128.000000
300 0.005258 128.000000
300 0.005059 128.000000
300 0.004925 128.000000
300 0.004989 128.000000
300 0.004957 128.000000
300 0.004965 128.000000
300 0.005014 128.000000
300 0.005017 128.000000
300 0.004975 128.000000
300 0.004930 256.000000
300 0.004961 256.000000
300 0.004949 256.000000
300 0.004948 256.000000
300 0.004972 256.000000
300 0.004978 256.000000
300 0.005168 256.000000
300 0.004838 256.000000
300 0.004925 256.000000
300 0.004984 256.000000
300 0.004980 512.000000
300 0.004947 512.000000
300 0.004955 512.000000
300 0.004944 512.000000
300 0.005020 512.000000
300 0.004980 512.000000
300 0.004903 512.000000
300 0.004972 512.000000
300 0.004963 512.000000
300 0.004948 512.000000
300 0.004984 1024.000000
300 0.004947 1024.000000
300 0.004950 1024.000000
300 0.004948 1024.000000
300 0.004959 1024.000000
300 0.004965 1024.000000
300 0.004984 1024.000000
300 0.004966 1024.000000
300 0.004977 1024.000000
300 0.004951 1024.000000
400 0.008743 2.000000
400 0.008693 2.000000
400 0.008772 2.000000
400 0.008749 2.000000
400 0.008828 2.000000
400 0.008682 2.000000
400 0.008968 2.000000
400 0.008695 2.000000
400 0.008695 2.000000
400 0.008711 2.000000
400 0.008766 4.000000
400 0.008716 4.000000
400 0.008674 4.000000
400 0.008701 4.000000
400 0.008726 4.000000
400 0.008736 4.000000
400 0.008839 4.000000
400 0.008734 4.000000
400 0.008743 4.000000
400 0.009227 4.000000
400 0.008849 8.000000
400 0.008988 8.000000
400 0.009206 8.000000
400 0.008934 8.000000
400 0.008785 8.000000
400 0.008914 8.000000
400 0.008709 8.000000
400 0.008696 8.000000
400 0.008735 8.000000
400 0.008736 8.000000
400 0.008681 16.000000
400 0.008670 16.000000
400 0.008728 16.000000
400 0.008746 16.000000
400 0.008770 16.000000
400 0.008750 16.000000
400 0.008678 16.000000
400 0.008716 16.000000
400 0.008718 16.000000
400 0.008643 16.000000
400 0.008753 32.000000
400 0.009196 32.000000
400 0.008910 32.000000
400 0.008990 32.000000
400 0.008808 32.000000
400 0.009206 32.000000
400 0.009350 32.000000
400 0.009270 32.000000
400 0.008755 32.000000
400 0.009020 32.000000
400 0.008871 64.000000
400 0.008923 64.000000
400 0.009259 64.000000
400 0.009215 64.000000
400 0.008797 64.000000
400 0.008700 64.000000
400 0.008709 64.000000
400 0.008618 64.000000
400 0.008730 64.000000
400 0.008758 64.000000
400 0.008677 128.000000
400 0.008697 128.000000
400 0.008705 128.000000
400 0.008708 128.000000
400 0.008928 128.000000
400 0.008676 128.000000
400 0.008765 128.000000
400 0.008752 128.000000
400 0.008740 128.000000
400 0.008746 128.000000
400 0.008712 256.000000
400 0.008691 256.000000
400 0.008759 256.000000
400 0.008646 256.000000
400 0.008850 256.000000
400 0.008763 256.000000
400 0.008657 256.000000
400 0.008759 256.000000
400 0.008704 256.000000
400 0.008735 256.000000
400 0.008739 512.000000
400 0.008699 512.000000
400 0.008746 512.000000
400 0.008721 512.000000
400 0.008660 512.000000
400 0.008967 512.000000
400 0.008650 512.000000
400 0.008782 512.000000
400 0.008859 512.000000
400 0.008671 512.000000
400 0.008746 1024.000000
400 0.008714 1024.000000
400 0.008753 1024.000000
400 0.008651 1024.000000
400 0.008756 1024.000000
400 0.008759 1024.000000
400 0.008751 1024.000000
400 0.008791 1024.000000
400 0.008794 1024.000000
400 0.008731 1024.000000
500 0.013518 2.000000
500 0.013384 2.000000
500 0.013432 2.000000
500 0.013425 2.000000
500 0.013415 2.000000
500 0.013539 2.000000
500 0.013538 2.000000
500 0.013455 2.000000
500 0.013507 2.000000
500 0.014385 2.000000
500 0.013400 4.000000
500 0.013417 4.000000
500 0.013502 4.000000
500 0.013645 4.000000
500 0.026139 4.000000
500 0.013474 4.000000
500 0.013518 4.000000
500 0.013546 4.000000
500 0.013541 4.000000
500 0.013494 4.000000
500 0.013500 8.000000
500 0.013455 8.000000
500 0.013504 8.000000
500 0.013483 8.000000
500 0.013567 8.000000
500 0.013519 8.000000
500 0.013540 8.000000
500 0.013391 8.000000
500 0.013509 8.000000
500 0.013521 8.000000
500 0.013576 16.000000
500 0.014220 16.000000
500 0.013409 16.000000
500 0.013471 16.000000
500 0.013709 16.000000
500 0.013593 16.000000
500 0.013493 16.000000
500 0.013508 16.000000
500 0.013406 16.000000
500 0.013403 16.000000
500 0.013515 32.000000
500 0.013515 32.000000
500 0.013550 32.000000
500 0.013508 32.000000
500 0.013463 32.000000
500 0.013510 32.000000
500 0.013549 32.000000
500 0.013600 32.000000
500 0.013443 32.000000
500 0.013473 32.000000
500 0.013432 64.000000
500 0.013534 64.000000
500 0.013437 64.000000
500 0.013469 64.000000
500 0.013442 64.000000
500 0.013454 64.000000
500 0.013420 64.000000
500 0.013591 64.000000
500 0.013565 64.000000
500 0.013567 64.000000
500 0.013503 128.000000
500 0.013395 128.000000
500 0.013529 128.000000
500 0.013524 128.000000
500 0.013504 128.000000
500 0.013543 128.000000
500 0.013527 128.000000
500 0.013887 128.000000
500 0.014189 128.000000
500 0.013496 128.000000
500 0.013532 256.000000
500 0.013484 256.000000
500 0.013577 256.000000
500 0.013447 256.000000
500 0.013455 256.000000
500 0.013490 256.000000
500 0.013509 256.000000
500 0.013556 256.000000
500 0.013530 256.000000
500 0.013441 256.000000
500 0.013440 512.000000
500 0.013562 512.000000
500 0.013576 512.000000
500 0.014108 512.000000
500 0.013513 512.000000
500 0.013520 512.000000
500 0.013471 512.000000
500 0.013557 512.000000
500 0.013918 512.000000
500 0.013400 512.000000
500 0.013548 1024.000000
500 0.013494 1024.000000
500 0.013460 1024.000000
500 0.013514 1024.000000
500 0.013624 1024.000000
500 0.013493 1024.000000
500 0.013437 1024.000000
500 0.013460 1024.000000
500 0.013378 1024.000000
500 0.013507 1024.000000
600 0.019401 2.000000
600 0.019394 2.000000
600 0.019560 2.000000
600 0.019343 2.000000
600 0.019373 2.000000
600 0.019295 2.000000
600 0.019348 2.000000
600 0.019286 2.000000
600 0.020281 2.000000
600 0.019494 2.000000
600 0.019352 4.000000
600 0.019606 4.000000
600 0.020027 4.000000
600 0.019353 4.000000
600 0.019331 4.000000
600 0.019350 4.000000
600 0.019412 4.000000
600 0.019474 4.000000
600 0.019327 4.000000
600 0.019458 4.000000
600 0.019968 8.000000
600 0.019656 8.000000
600 0.019269 8.000000
600 0.019384 8.000000
600 0.019812 8.000000
600 0.019233 8.000000
600 0.019302 8.000000
600 0.019292 8.000000
600 0.019390 8.000000
600 0.019287 8.000000
600 0.019195 16.000000
600 0.019281 16.000000
600 0.019235 16.000000
600 0.019273 16.000000
600 0.019157 16.000000
600 0.019523 16.000000
600 0.019742 16.000000
600 0.019263 16.000000
600 0.019402 16.000000
600 0.019963 16.000000
600 0.019244 32.000000
600 0.019416 32.000000
600 0.019295 32.000000
600 0.019253 32.000000
600 0.019307 32.000000
600 0.019242 32.000000
600 0.019477 32.000000
600 0.019670 32.000000
600 0.020175 32.000000
600 0.019847 32.000000
600 0.019399 64.000000
600 0.020813 64.000000
600 0.019322 64.000000
600 0.019219 64.000000
600 0.019475 64.000000
600 0.019311 64.000000
600 0.019470 64.000000
600 0.019272 64.000000
600 0.020235 64.000000
600 0.019610 64.000000
600 0.020126 128.000000
600 0.019446 128.000000
600 0.020147 128.000000
600 0.020095 128.000000
600 0.020141 128.000000
600 0.019272 128.000000
600 0.019187 128.000000
600 0.019323 128.000000
600 0.019314 128.000000
600 0.019226 128.000000
600 0.019210 256.000000
600 0.019303 256.000000
600 0.019339 256.000000
600 0.019251 256.000000
600 0.019279 256.000000
600 0.019390 256.000000
600 0.019955 256.000000
600 0.019439 256.000000
600 0.019498 256.000000
600 0.019377 256.000000
600 0.020100 512.000000
600 0.020270 512.000000
600 0.020306 512.000000
600 0.020043 512.000000
600 0.019879 512.000000
600 0.019556 512.000000
600 0.019468 512.000000
600 0.019409 512.000000
600 0.019485 512.000000
600 0.019388 512.000000
600 0.019613 1024.000000
600 0.019343 1024.000000
600 0.019280 1024.000000
600 0.019224 1024.000000
600 0.019328 1024.000000
600 0.019325 1024.000000
600 0.019500 1024.000000
600 0.019181 1024.000000
600 0.019305 1024.000000
600 0.019186 1024.000000
700 0.026186 2.000000
700 0.026200 2.000000
700 0.026078 2.000000
700 0.026163 2.000000
700 0.026135 2.000000
700 0.026215 2.000000
700 0.026147 2.000000
700 0.026408 2.000000
700 0.026400 2.000000
700 0.026296 2.000000
700 0.026332 4.000000
700 0.026201 4.000000
700 0.026288 4.000000
700 0.026253 4.000000
700 0.026194 4.000000
700 0.026334 4.000000
700 0.026249 4.000000
700 0.026051 4.000000
700 0.026226 4.000000
700 0.026313 4.000000
700 0.026282 8.000000
700 0.026283 8.000000
700 0.026246 8.000000
700 0.026135 8.000000
700 0.026228 8.000000
700 0.026284 8.000000
700 0.026329 8.000000
700 0.026335 8.000000
700 0.026237 8.000000
700 0.026116 8.000000
700 0.026282 16.000000
700 0.026331 16.000000
700 0.026084 16.000000
700 0.026235 16.000000
700 0.026190 16.000000
700 0.026639 16.000000
700 0.027454 16.000000
700 0.026194 16.000000
700 0.027082 16.000000
700 0.026472 16.000000
700 0.027508 32.000000
700 0.026124 32.000000
700 0.026336 32.000000
700 0.026171 32.000000
700 0.031511 32.000000
700 0.026606 32.000000
700 0.026231 32.000000
700 0.026989 32.000000
700 0.026352 32.000000
700 0.026612 32.000000
700 0.026198 64.000000
700 0.026442 64.000000
700 0.026242 64.000000
700 0.026228 64.000000
700 0.026256 64.000000
700 0.026519 64.000000
700 0.026137 64.000000
700 0.026221 64.000000
700 0.026054 64.000000
700 0.026186 64.000000
700 0.026408 128.000000
700 0.026135 128.000000
700 0.026173 128.000000
700 0.026147 128.000000
700 0.026137 128.000000
700 0.026134 128.000000
700 0.026154 128.000000
700 0.026295 128.000000
700 0.026188 128.000000
700 0.026165 128.000000
700 0.026263 256.000000
700 0.026213 256.000000
700 0.026614 256.000000
700 0.026166 256.000000
700 0.026213 256.000000
700 0.026203 256.000000
700 0.026277 256.000000
700 0.027049 256.000000
700 0.026161 256.000000
700 0.026410 256.000000
700 0.026218 512.000000
700 0.026292 512.000000
700 0.026241 512.000000
700 0.026111 512.000000
700 0.026093 512.000000
700 0.026068 512.000000
700 0.026297 512.000000
700 0.026144 512.000000
700 0.026075 512.000000
700 0.026296 512.000000
700 0.026272 1024.000000
700 0.026099 1024.000000
700 0.026304 1024.000000
700 0.026345 1024.000000
700 0.026404 1024.000000
700 0.026285 1024.000000
700 0.026174 1024.000000
700 0.026280 1024.000000
700 0.026199 1024.000000
700 0.026245 1024.000000
800 0.034111 2.000000
800 0.034054 2.000000
800 0.033992 2.000000
800 0.034200 2.000000
800 0.034102 2.000000
800 0.034228 2.000000
800 0.064014 2.000000
800 0.034280 2.000000
800 0.034206 2.000000
800 0.034266 2.000000
800 0.034703 4.000000
800 0.034134 4.000000
800 0.034186 4.000000
800 0.034276 4.000000
800 0.034288 4.000000
800 0.034223 4.000000
800 0.034257 4.000000
800 0.034248 4.000000
800 0.034367 4.000000
800 0.034475 4.000000
800 0.034121 8.000000
800 0.034208 8.000000
800 0.034406 8.000000
800 0.034067 8.000000
800 0.034088 8.000000
800 0.034208 8.000000
800 0.034247 8.000000
800 0.034047 8.000000
800 0.034178 8.000000
800 0.034242 8.000000
800 0.034260 16.000000
800 0.034145 16.000000
800 0.034157 16.000000
800 0.034167 16.000000
800 0.034062 16.000000
800 0.034052 16.000000
800 0.034182 16.000000
800 0.034202 16.000000
800 0.034128 16.000000
800 0.034132 16.000000
800 0.034116 32.000000
800 0.034199 32.000000
800 0.034271 32.000000
800 0.034593 32.000000
800 0.034197 32.000000
800 0.034442 32.000000
800 0.034280 32.000000
800 0.034524 32.000000
800 0.034237 32.000000
800 0.034391 32.000000
800 0.034161 64.000000
800 0.034159 64.000000
800 0.034216 64.000000
800 0.034149 64.000000
800 0.034284 64.000000
800 0.034143 64.000000
800 0.034185 64.000000
800 0.034293 64.000000
800 0.034260 64.000000
800 0.035353 64.000000
800 0.034357 128.000000
800 0.034204 128.000000
800 0.034118 128.000000
800 0.034579 128.000000
800 0.034203 128.000000
800 0.034190 128.000000
800 0.034145 128.000000
800 0.034100 128.000000
800 0.034091 128.000000
800 0.034168 128.000000
800 0.034169 256.000000
800 0.034334 256.000000
800 0.034292 256.000000
800 0.034397 256.000000
800 0.034255 256.000000
800 0.034240 256.000000
800 0.034262 256.000000
800 0.034515 256.000000
800 0.034361 256.000000
800 0.034120 256.000000
800 0.034238 512.000000
800 0.034156 512.000000
800 0.034210 512.000000
800 0.034161 512.000000
800 0.034522 512.000000
800 0.034354 512.000000
800 0.034241 512.000000
800 0.034214 512.000000
800 0.034218 512.000000
800 0.034404 512.000000
800 0.034195 1024.000000
800 0.034170 1024.000000
800 0.034149 1024.000000
800 0.034147 1024.000000
800 0.034107 1024.000000
800 0.034144 1024.000000
800 0.034209 1024.000000
800 0.034306 1024.000000
800 0.034091 1024.000000
800 0.034219 1024.000000
900 0.043090 2.000000
900 0.043214 2.000000
900 0.044136 2.000000
900 0.043261 2.000000
900 0.043292 2.000000
900 0.043121 2.000000
900 0.043220 2.000000
900 0.043419 2.000000
900 0.043639 2.000000
900 0.043263 2.000000
900 0.043231 4.000000
900 0.043265 4.000000
900 0.043365 4.000000
900 0.043192 4.000000
900 0.043306 4.000000
900 0.043413 4.000000
900 0.043493 4.000000
900 0.043338 4.000000
900 0.043321 4.000000
900 0.043264 4.000000
900 0.043498 8.000000
900 0.043595 8.000000
900 0.043233 8.000000
900 0.043487 8.000000
900 0.043277 8.000000
900 0.043562 8.000000
900 0.043561 8.000000
900 0.043792 8.000000
900 0.043830 8.000000
900 0.043213 8.000000
900 0.043265 16.000000
900 0.043544 16.000000
900 0.043219 16.000000
900 0.043284 16.000000
900 0.043307 16.000000
900 0.043339 16.000000
900 0.045729 16.000000
900 0.043251 16.000000
900 0.043580 16.000000
900 0.043474 16.000000
900 0.043458 32.000000
900 0.043729 32.000000
900 0.043193 32.000000
900 0.043532 32.000000
900 0.043467 32.000000
900 0.043465 32.000000
900 0.043467 32.000000
900 0.043246 32.000000
900 0.043340 32.000000
900 0.043389 32.000000
900 0.043374 64.000000
900 0.043709 64.000000
900 0.043603 64.000000
900 0.043371 64.000000
900 0.043365 64.000000
900 0.043628 64.000000
900 0.043301 64.000000
900 0.043343 64.000000
900 0.043410 64.000000
900 0.043324 64.000000
900 0.043584 128.000000
900 0.043746 128.000000
900 0.043376 128.000000
900 0.043375 128.000000
900 0.043608 128.000000
900 0.043379 128.000000
900 0.043504 128.000000
900 0.043436 128.000000
900 0.043214 128.000000
900 0.043363 128.000000
900 0.043482 256.000000
900 0.043374 256.000000
900 0.043551 256.000000
900 0.043603 256.000000
900 0.043415 256.000000
900 0.043424 256.000000
900 0.043295 256.000000
900 0.043779 256.000000
900 0.043312 256.000000
900 0.043283 256.000000
900 0.043360 512.000000
900 0.043427 512.000000
900 0.043512 512.000000
900 0.043248 512.000000
900 0.043446 512.000000
900 0.043557 512.000000
900 0.043421 512.000000
900 0.043498 512.000000
900 0.043288 512.000000
900 0.043283 512.000000
900 0.043655 1024.000000
900 0.044237 1024.000000
900 0.043215 1024.000000
900 0.044902 1024.000000
900 0.043492 1024.000000
900 0.043655 1024.000000
900 0.045282 1024.000000
900 0.044709 1024.000000
900 0.045419 1024.000000
900 0.044273 1024.000000
1000 0.054583 2.000000
1000 0.055832 2.000000
1000 0.054304 2.000000
1000 0.054614 2.000000
1000 0.053451 2.000000
1000 0.053598 2.000000
1000 0.053680 2.000000
1000 0.053660 2.000000
1000 0.054237 2.000000
1000 0.053620 2.000000
1000 0.054419 4.000000
1000 0.053767 4.000000
1000 0.055253 4.000000
1000 0.054102 4.000000
1000 0.055043 4.000000
1000 0.054251 4.000000
1000 0.053858 4.000000
1000 0.053938 4.000000
1000 0.053907 4.000000
1000 0.053580 4.000000
1000 0.055614 8.000000
1000 0.053475 8.000000
1000 0.054579 8.000000
1000 0.053453 8.000000
1000 0.053513 8.000000
1000 0.054794 8.000000
1000 0.053484 8.000000
1000 0.053756 8.000000
1000 0.053401 8.000000
1000 0.053524 8.000000
1000 0.053622 16.000000
1000 0.084256 16.000000
1000 0.054349 16.000000
1000 0.053826 16.000000
1000 0.054357 16.000000
1000 0.053586 16.000000
1000 0.054460 16.000000
1000 0.053874 16.000000
1000 0.053884 16.000000
1000 0.054006 16.000000
1000 0.055218 32.000000
1000 0.053983 32.000000
1000 0.056367 32.000000
1000 0.054796 32.000000
1000 0.054100 32.000000
1000 0.056859 32.000000
1000 0.055976 32.000000
1000 0.054704 32.000000
1000 0.054738 32.000000
1000 0.055943 32.000000
1000 0.056411 64.000000
1000 0.056552 64.000000
1000 0.054729 64.000000
1000 0.055420 64.000000
1000 0.055646 64.000000
1000 0.053803 64.000000
1000 0.055845 64.000000
1000 0.054071 64.000000
1000 0.055648 64.000000
1000 0.053763 64.000000
1000 0.054115 128.000000
1000 0.053914 128.000000
1000 0.055252 128.000000
1000 0.056306 128.000000
1000 0.054339 128.000000
1000 0.053823 128.000000
1000 0.053580 128.000000
1000 0.056814 128.000000
1000 0.053745 128.000000
1000 0.054026 128.000000
1000 0.053787 256.000000
1000 0.054783 256.000000
1000 0.053811 256.000000
1000 0.053902 256.000000
1000 0.053820 256.000000
1000 0.054598 256.000000
1000 0.053948 256.000000
1000 0.053882 256.000000
1000 0.053595 256.000000
1000 0.053900 256.000000
1000 0.056073 512.000000
1000 0.053961 512.000000
1000 0.053761 512.000000
1000 0.053658 512.000000
1000 0.053925 512.000000
1000 0.053730 512.000000
1000 0.054084 512.000000
1000 0.053499 512.000000
1000 0.053855 512.000000
1000 0.054440 512.000000
1000 0.053814 1024.000000
1000 0.054260 1024.000000
1000 0.053653 1024.000000
1000 0.053600 1024.000000
1000 0.055148 1024.000000
1000 0.055597 1024.000000
1000 0.054349 1024.000000
1000 0.053881 1024.000000
1000 0.056681 1024.000000
1000 0.053664 1024.000000
3100 0.511524 2.000000
3100 0.527906 2.000000
3100 0.513392 2.000000
3100 0.546012 2.000000
3100 0.529879 2.000000
3100 0.511004 2.000000
3100 0.511607 2.000000
3100 0.513037 2.000000
3100 0.510999 2.000000
3100 0.510840 2.000000
3100 0.512185 4.000000
3100 0.511173 4.000000
3100 0.513412 4.000000
3100 0.510358 4.000000
3100 0.511211 4.000000
3100 0.511429 4.000000
3100 0.511642 4.000000
3100 0.511254 4.000000
3100 0.511258 4.000000
3100 0.511000 4.000000
3100 0.510787 8.000000
3100 0.511056 8.000000
3100 0.513457 8.000000
3100 0.510822 8.000000
3100 0.511234 8.000000
3100 0.511472 8.000000
3100 0.513537 8.000000
3100 0.510325 8.000000
3100 0.511883 8.000000
3100 0.512347 8.000000
3100 0.511835 16.000000
3100 0.511441 16.000000
3100 0.511955 16.000000
3100 0.512142 16.000000
3100 0.513584 16.000000
3100 0.512929 16.000000
3100 0.511928 16.000000
3100 0.503445 16.000000
3100 0.503227 16.000000
3100 0.503932 16.000000
3100 0.503514 32.000000
3100 0.503584 32.000000
3100 0.503617 32.000000
3100 0.503396 32.000000
3100 0.503561 32.000000
3100 0.503523 32.000000
3100 0.503361 32.000000
3100 0.509219 32.000000
3100 0.513266 32.000000
3100 0.504785 32.000000
3100 0.504774 64.000000
3100 0.504727 64.000000
3100 0.504824 64.000000
3100 0.504651 64.000000
3100 0.504763 64.000000
3100 0.504694 64.000000
3100 0.504872 64.000000
3100 0.504642 64.000000
3100 0.504808 64.000000
