100 0.008696 2.000000
100 0.007304 2.000000
100 0.006470 2.000000
100 0.005989 2.000000
100 0.006054 2.000000
100 0.006044 2.000000
100 0.006054 2.000000
100 0.006028 2.000000
100 0.005965 2.000000
100 0.006130 2.000000
100 0.005972 4.000000
100 0.006019 4.000000
100 0.006028 4.000000
100 0.005988 4.000000
100 0.006109 4.000000
100 0.006148 4.000000
100 0.006007 4.000000
100 0.006082 4.000000
100 0.006060 4.000000
100 0.006047 4.000000
100 0.006113 8.000000
100 0.006143 8.000000
100 0.006112 8.000000
100 0.006028 8.000000
100 0.006201 8.000000
100 0.006165 8.000000
100 0.006045 8.000000
100 0.006055 8.000000
100 0.006032 8.000000
100 0.006158 8.000000
100 0.006082 16.000000
100 0.006016 16.000000
100 0.006069 16.000000
100 0.006096 16.000000
100 0.005995 16.000000
100 0.006102 16.000000
100 0.005973 16.000000
100 0.005969 16.000000
100 0.006132 16.000000
100 0.006083 16.000000
100 0.006129 32.000000
100 0.006078 32.000000
100 0.006031 32.000000
100 0.006075 32.000000
100 0.006119 32.000000
100 0.005968 32.000000
100 0.006109 32.000000
100 0.005967 32.000000
100 0.006117 32.000000
100 0.006003 32.000000
100 0.005998 64.000000
100 0.006030 64.000000
100 0.005969 64.000000
100 0.006119 64.000000
100 0.005965 64.000000
100 0.006114 64.000000
100 0.005988 64.000000
100 0.006101 64.000000
100 0.006130 64.000000
100 0.006024 64.000000
100 0.006027 128.000000
100 0.006080 128.000000
100 0.006002 128.000000
100 0.005989 128.000000
100 0.006131 128.000000
100 0.006005 128.000000
100 0.006054 128.000000
100 0.006133 128.000000
100 0.005967 128.000000
100 0.006114 128.000000
100 0.006021 256.000000
100 0.005966 256.000000
100 0.006113 256.000000
100 0.006114 256.000000
100 0.006132 256.000000
100 0.006135 256.000000
100 0.006003 256.000000
100 0.005980 256.000000
100 0.006132 256.000000
100 0.005988 256.000000
100 0.006015 512.000000
100 0.006057 512.000000
100 0.006026 512.000000
100 0.006030 512.000000
100 0.006039 512.000000
100 0.005989 512.000000
100 0.006024 512.000000
100 0.006042 512.000000
100 0.006061 512.000000
100 0.005999 512.000000
100 0.006080 1024.000000
100 0.006097 1024.000000
100 0.005987 1024.000000
100 0.006128 1024.000000
100 0.006148 1024.000000
100 0.005967 1024.000000
100 0.006130 1024.000000
100 0.005990 1024.000000
100 0.006103 1024.000000
100 0.006012 1024.000000
100 0.008519 2.000000
100 0.007019 2.000000
100 0.006155 2.000000
100 0.006051 2.000000
100 0.006125 2.000000
100 0.006096 2.000000
100 0.006181 2.000000
100 0.006018 2.000000
100 0.006111 2.000000
100 0.006056 2.000000
100 0.006076 4.000000
100 0.006054 4.000000
100 0.006086 4.000000
100 0.006090 4.000000
100 0.006147 4.000000
100 0.006170 4.000000
100 0.006081 4.000000
100 0.006062 4.000000
100 0.006018 4.000000
100 0.006128 4.000000
100 0.006083 8.000000
100 0.006080 8.000000
100 0.006124 8.000000
100 0.006115 8.000000
100 0.006016 8.000000
100 0.006157 8.000000
100 0.006120 8.000000
100 0.006075 8.000000
100 0.006076 8.000000
100 0.006105 8.000000
100 0.006126 16.000000
100 0.006004 16.000000
100 0.006122 16.000000
100 0.006057 16.000000
100 0.006145 16.000000
100 0.006004 16.000000
100 0.006000 16.000000
100 0.006124 16.000000
100 0.006106 16.000000
100 0.006150 16.000000
100 0.006133 32.000000
100 0.006121 32.000000
100 0.006150 32.000000
100 0.006215 32.000000
100 0.006117 32.000000
100 0.006066 32.000000
100 0.006122 32.000000
100 0.006139 32.000000
100 0.006130 32.000000
100 0.006087 32.000000
100 0.006090 64.000000
100 0.006039 64.000000
100 0.006022 64.000000
100 0.006109 64.000000
100 0.006163 64.000000
100 0.006026 64.000000
100 0.006075 64.000000
100 0.006060 64.000000
100 0.006080 64.000000
100 0.006133 64.000000
100 0.006068 128.000000
100 0.006214 128.000000
100 0.006135 128.000000
100 0.006152 128.000000
100 0.006079 128.000000
100 0.006134 128.000000
100 0.006040 128.000000
100 0.006119 128.000000
100 0.006133 128.000000
100 0.006067 128.000000
100 0.006148 256.000000
100 0.006082 256.000000
100 0.006176 256.000000
100 0.006148 256.000000
100 0.006079 256.000000
100 0.006181 256.000000
100 0.006077 256.000000
100 0.006152 256.000000
100 0.006230 256.000000
100 0.006163 256.000000
100 0.006035 512.000000
100 0.006125 512.000000
100 0.006108 512.000000
100 0.006092 512.000000
100 0.006137 512.000000
100 0.006114 512.000000
100 0.006125 512.000000
100 0.006068 512.000000
100 0.006187 512.000000
100 0.006144 512.000000
100 0.006090 1024.000000
100 0.006027 1024.000000
100 0.006050 1024.000000
100 0.006135 1024.000000
100 0.006125 1024.000000
100 0.006102 1024.000000
100 0.006203 1024.000000
100 0.006110 1024.000000
100 0.006019 1024.000000
100 0.006130 1024.000000
100 0.008409 2.000000
100 0.007216 2.000000
100 0.006301 2.000000
100 0.006037 2.000000
100 0.006101 2.000000
100 0.006050 2.000000
100 0.006489 2.000000
100 0.006017 2.000000
100 0.006079 2.000000
100 0.006110 2.000000
100 0.006053 4.000000
100 0.005984 4.000000
100 0.006042 4.000000
100 0.006089 4.000000
100 0.005983 4.000000
100 0.006075 4.000000
100 0.006114 4.000000
100 0.006131 4.000000
100 0.006097 4.000000
100 0.006083 4.000000
100 0.006084 8.000000
100 0.006065 8.000000
100 0.006062 8.000000
100 0.006048 8.000000
100 0.006069 8.000000
100 0.006162 8.000000
100 0.005966 8.000000
100 0.006099 8.000000
100 0.006029 8.000000
100 0.006060 8.000000
100 0.006067 16.000000
100 0.006068 16.000000
100 0.005983 16.000000
100 0.006109 16.000000
100 0.006152 16.000000
100 0.006014 16.000000
100 0.006111 16.000000
100 0.005984 16.000000
100 0.005967 16.000000
100 0.006176 16.000000
100 0.006125 32.000000
100 0.006123 32.000000
100 0.006135 32.000000
100 0.006140 32.000000
100 0.006094 32.000000
100 0.006207 32.000000
100 0.006090 32.000000
100 0.006092 32.000000
100 0.006225 32.000000
100 0.006105 32.000000
100 0.006064 64.000000
100 0.006154 64.000000
100 0.006046 64.000000
100 0.006059 64.000000
100 0.006141 64.000000
100 0.006123 64.000000
100 0.005974 64.000000
100 0.006110 64.000000
100 0.006047 64.000000
100 0.006036 64.000000
100 0.006031 128.000000
100 0.006052 128.000000
100 0.006035 128.000000
100 0.006132 128.000000
100 0.006143 128.000000
100 0.006064 128.000000
100 0.006108 128.000000
100 0.006112 128.000000
100 0.006077 128.000000
100 0.006154 128.000000
100 0.006126 256.000000
100 0.006027 256.000000
100 0.006102 256.000000
100 0.006003 256.000000
100 0.006057 256.000000
100 0.006127 256.000000
100 0.006089 256.000000
100 0.006035 256.000000
100 0.006100 256.000000
100 0.005990 256.000000
100 0.006196 512.000000
100 0.006011 512.000000
100 0.006096 512.000000
100 0.006081 512.000000
100 0.006162 512.000000
100 0.006107 512.000000
100 0.006115 512.000000
100 0.006076 512.000000
100 0.006168 512.000000
100 0.005994 512.000000
100 0.006049 1024.000000
100 0.006083 1024.000000
100 0.005981 1024.000000
100 0.006079 1024.000000
100 0.006094 1024.000000
100 0.006123 1024.000000
100 0.006117 1024.000000
100 0.005991 1024.000000
100 0.006134 1024.000000
100 0.006164 1024.000000
200 0.024030 2.000000
200 0.023639 2.000000
200 0.023644 2.000000
200 0.023631 2.000000
200 0.023638 2.000000
200 0.023717 2.000000
200 0.023597 2.000000
200 0.023556 2.000000
200 0.023722 2.000000
200 0.023674 2.000000
200 0.023633 4.000000
200 0.023787 4.000000
200 0.024000 4.000000
200 0.023911 4.000000
200 0.023862 4.000000
200 0.024862 4.000000
200 0.025241 4.000000
200 0.025316 4.000000
200 0.024923 4.000000
200 0.023646 4.000000
200 0.023791 8.000000
200 0.024361 8.000000
200 0.023825 8.000000
200 0.024234 8.000000
200 0.025109 8.000000
200 0.023816 8.000000
200 0.024264 8.000000
200 0.023718 8.000000
200 0.024886 8.000000
200 0.023806 8.000000
200 0.023831 16.000000
200 0.023746 16.000000
200 0.023636 16.000000
200 0.023894 16.000000
200 0.023688 16.000000
200 0.023726 16.000000
200 0.024564 16.000000
200 0.024595 16.000000
200 0.023679 16.000000
200 0.023834 16.000000
200 0.023671 32.000000
200 0.023608 32.000000
200 0.024228 32.000000
200 0.023640 32.000000
200 0.023557 32.000000
200 0.023961 32.000000
200 0.023779 32.000000
200 0.023936 32.000000
200 0.023568 32.000000
200 0.023763 32.000000
200 0.024032 64.000000
200 0.023723 64.000000
200 0.023674 64.000000
200 0.023657 64.000000
200 0.024921 64.000000
200 0.023599 64.000000
200 0.023598 64.000000
200 0.024021 64.000000
200 0.023641 64.000000
200 0.023613 64.000000
200 0.023717 128.000000
200 0.024742 128.000000
200 0.023768 128.000000
200 0.023607 128.000000
200 0.023689 128.000000
200 0.023658 128.000000
200 0.023737 128.000000
200 0.023587 128.000000
200 0.023579 128.000000
200 0.023786 128.000000
200 0.023896 256.000000
200 0.024510 256.000000
200 0.023987 256.000000
200 0.023664 256.000000
200 0.023571 256.000000
200 0.024088 256.000000
200 0.023814 256.000000
200 0.023663 256.000000
200 0.023856 256.000000
200 0.023935 256.000000
200 0.023534 512.000000
200 0.024454 512.000000
200 0.023956 512.000000
200 0.023812 512.000000
200 0.023860 512.000000
200 0.023642 512.000000
200 0.023744 512.000000
200 0.023895 512.000000
200 0.023801 512.000000
200 0.023674 512.000000
200 0.023584 1024.000000
200 0.024319 1024.000000
200 0.023655 1024.000000
200 0.024016 1024.000000
200 0.024053 1024.000000
200 0.024590 1024.000000
200 0.023681 1024.000000
200 0.023633 1024.000000
200 0.023672 1024.000000
200 0.023857 1024.000000
300 0.055265 2.000000
300 0.053121 2.000000
300 0.052943 2.000000
300 0.055218 2.000000
300 0.055294 2.000000
300 0.055899 2.000000
300 0.054970 2.000000
300 0.054816 2.000000
300 0.055335 2.000000
300 0.055468 2.000000
300 0.052974 4.000000
300 0.053316 4.000000
300 0.053692 4.000000
300 0.052919 4.000000
300 0.053775 4.000000
300 0.052781 4.000000
300 0.054510 4.000000
300 0.053513 4.000000
300 0.053045 4.000000
300 0.053107 4.000000
300 0.053000 8.000000
300 0.052918 8.000000
300 0.055746 8.000000
300 0.052816 8.000000
300 0.055026 8.000000
300 0.055609 8.000000
300 0.054902 8.000000
300 0.055029 8.000000
300 0.055974 8.000000
300 0.054737 8.000000
300 0.055119 16.000000
300 0.056655 16.000000
300 0.055235 16.000000
300 0.055274 16.000000
300 0.055643 16.000000
300 0.055250 16.000000
300 0.055342 16.000000
300 0.052597 16.000000
300 0.053539 16.000000
300 0.052940 16.000000
300 0.053574 32.000000
300 0.054858 32.000000
300 0.055302 32.000000
300 0.055086 32.000000
300 0.055022 32.000000
300 0.054847 32.000000
300 0.055004 32.000000
300 0.055257 32.000000
300 0.055113 32.000000
300 0.056542 32.000000
300 0.055254 64.000000
300 0.055089 64.000000
300 0.055398 64.000000
300 0.055251 64.000000
300 0.055395 64.000000
300 0.054542 64.000000
300 0.052725 64.000000
300 0.054687 64.000000
300 0.055110 64.000000
300 0.054704 64.000000
300 0.054769 128.000000
300 0.054489 128.000000
300 0.055412 128.000000
300 0.053167 128.000000
300 0.054100 128.000000
300 0.052917 128.000000
300 0.052814 128.000000
300 0.053202 128.000000
300 0.052907 128.000000
300 0.053488 128.000000
300 0.052708 256.000000
300 0.052827 256.000000
300 0.052928 256.000000
300 0.053016 256.000000
300 0.053218 256.000000
300 0.052931 256.000000
300 0.053677 256.000000
300 0.052919 256.000000
300 0.052968 256.000000
300 0.053479 256.000000
300 0.052800 512.000000
300 0.052959 512.000000
300 0.052811 512.000000
300 0.053136 512.000000
300 0.053021 512.000000
300 0.053277 512.000000
300 0.052758 512.000000
300 0.052954 512.000000
300 0.053348 512.000000
300 0.053035 512.000000
300 0.053065 1024.000000
300 0.053004 1024.000000
300 0.053270 1024.000000
300 0.052850 1024.000000
300 0.053825 1024.000000
300 0.052916 1024.000000
300 0.053538 1024.000000
300 0.053224 1024.000000
300 0.054288 1024.000000
300 0.053113 1024.000000
400 0.094715 2.000000
400 0.094604 2.000000
400 0.095165 2.000000
400 0.096043 2.000000
400 0.094133 2.000000
400 0.094018 2.000000
400 0.094806 2.000000
400 0.095075 2.000000
400 0.094052 2.000000
400 0.094454 2.000000
400 0.094180 4.000000
400 0.093939 4.000000
400 0.093722 4.000000
400 0.095440 4.000000
400 0.095529 4.000000
400 0.093916 4.000000
400 0.094470 4.000000
400 0.096522 4.000000
400 0.095464 4.000000
400 0.098562 4.000000
400 0.098627 8.000000
400 0.097768 8.000000
400 0.098131 8.000000
400 0.097778 8.000000
400 0.093843 8.000000
400 0.094817 8.000000
400 0.094793 8.000000
400 0.094076 8.000000
400 0.093724 8.000000
400 0.093718 8.000000
400 0.093985 16.000000
400 0.094129 16.000000
400 0.095672 16.000000
400 0.095265 16.000000
400 0.093771 16.000000
400 0.095935 16.000000
400 0.095309 16.000000
400 0.093826 16.000000
400 0.094594 16.000000
400 0.094504 16.000000
400 0.093830 32.000000
400 0.097605 32.000000
400 0.098226 32.000000
400 0.098087 32.000000
400 0.094130 32.000000
400 0.098511 32.000000
400 0.098980 32.000000
400 0.098991 32.000000
400 0.095101 32.000000
400 0.097746 32.000000
400 0.098259 64.000000
400 0.097505 64.000000
400 0.097709 64.000000
400 0.099362 64.000000
400 0.094831 64.000000
400 0.093673 64.000000
400 0.093536 64.000000
400 0.094847 64.000000
400 0.093848 64.000000
400 0.095234 64.000000
400 0.093776 128.000000
400 0.093747 128.000000
400 0.093893 128.000000
400 0.094240 128.000000
400 0.093784 128.000000
400 0.093606 128.000000
400 0.093686 128.000000
400 0.093674 128.000000
400 0.093974 128.000000
400 0.093717 128.000000
400 0.094384 256.000000
400 0.093771 256.000000
400 0.093981 256.000000
400 0.093621 256.000000
400 0.094061 256.000000
400 0.093776 256.000000
400 0.093945 256.000000
400 0.094603 256.000000
400 0.093709 256.000000
400 0.094106 256.000000
400 0.094091 512.000000
400 0.093841 512.000000
400 0.093596 512.000000
400 0.093919 512.000000
400 0.094081 512.000000
400 0.094876 512.000000
400 0.093852 512.000000
400 0.094019 512.000000
400 0.094479 512.000000
400 0.093814 512.000000
400 0.094394 1024.000000
400 0.094024 1024.000000
400 0.093710 1024.000000
400 0.093915 1024.000000
400 0.093967 1024.000000
400 0.093772 1024.000000
400 0.094901 1024.000000
400 0.094109 1024.000000
400 0.094076 1024.000000
400 0.094713 1024.000000
500 0.146312 2.000000
500 0.146371 2.000000
500 0.146264 2.000000
500 0.146213 2.000000
500 0.146978 2.000000
500 0.146640 2.000000
500 0.146095 2.000000
500 0.146182 2.000000
500 0.146002 2.000000
500 0.147122 2.000000
500 0.145974 4.000000
500 0.146713 4.000000
500 0.146115 4.000000
500 0.146351 4.000000
500 0.147639 4.000000
500 0.146261 4.000000
500 0.146825 4.000000
500 0.146230 4.000000
500 0.146436 4.000000
500 0.146162 4.000000
500 0.145892 8.000000
500 0.145749 8.000000
500 0.146090 8.000000
500 0.146744 8.000000
500 0.145940 8.000000
500 0.146138 8.000000
500 0.146099 8.000000
500 0.146180 8.000000
500 0.146179 8.000000
500 0.146035 8.000000
500 0.146189 16.000000
500 0.146089 16.000000
500 0.146182 16.000000
500 0.146185 16.000000
500 0.146727 16.000000
500 0.146205 16.000000
500 0.146680 16.000000
500 0.146336 16.000000
500 0.146927 16.000000
500 0.146103 16.000000
500 0.145966 32.000000
500 0.146281 32.000000
500 0.146166 32.000000
500 0.146059 32.000000
500 0.145864 32.000000
500 0.146564 32.000000
500 0.145850 32.000000
500 0.146739 32.000000
500 0.146176 32.000000
500 0.145930 32.000000
500 0.146150 64.000000
500 0.146015 64.000000
500 0.146468 64.000000
500 0.146956 64.000000
500 0.146034 64.000000
500 0.145987 64.000000
500 0.145983 64.000000
500 0.146536 64.000000
500 0.146150 64.000000
500 0.146039 64.000000
500 0.146318 128.000000
500 0.145883 128.000000
500 0.147197 128.000000
500 0.147588 128.000000
500 0.146463 128.000000
500 0.146603 128.000000
500 0.146043 128.000000
500 0.146525 128.000000
500 0.154254 128.000000
500 0.146719 128.000000
500 0.146987 256.000000
500 0.145745 256.000000
500 0.146680 256.000000
500 0.146053 256.000000
500 0.147401 256.000000
500 0.146202 256.000000
500 0.146385 256.000000
500 0.146326 256.000000
500 0.146318 256.000000
500 0.147023 256.000000
500 0.146100 512.000000
500 0.147510 512.000000
500 0.145912 512.000000
500 0.146077 512.000000
500 0.145938 512.000000
500 0.146267 512.000000
500 0.146206 512.000000
500 0.146421 512.000000
500 0.146475 512.000000
500 0.146050 512.000000
500 0.145834 1024.000000
500 0.146169 1024.000000
500 0.147473 1024.000000
500 0.146992 1024.000000
500 0.146015 1024.000000
500 0.146269 1024.000000
500 0.146537 1024.000000
500 0.146371 1024.000000
500 0.146185 1024.000000
500 0.146713 1024.000000
600 0.211102 2.000000
600 0.211588 2.000000
600 0.209839 2.000000
600 0.212974 2.000000
600 0.210455 2.000000
600 0.211612 2.000000
600 0.210330 2.000000
600 0.210261 2.000000
600 0.222942 2.000000
600 0.211251 2.000000
600 0.211741 4.000000
600 0.212931 4.000000
600 0.212345 4.000000
600 0.211677 4.000000
600 0.211407 4.000000
600 0.211843 4.000000
600 0.212131 4.000000
600 0.212393 4.000000
600 0.210056 4.000000
600 0.210563 4.000000
600 0.215443 8.000000
600 0.215797 8.000000
600 0.210760 8.000000
600 0.211387 8.000000
600 0.216626 8.000000
600 0.209996 8.000000
600 0.209910 8.000000
600 0.210195 8.000000
600 0.210741 8.000000
600 0.210351 8.000000
600 0.210281 16.000000
600 0.212002 16.000000
600 0.210323 16.000000
600 0.210045 16.000000
600 0.209943 16.000000
600 0.210794 16.000000
600 0.216094 16.000000
600 0.212597 16.000000
600 0.212991 16.000000
600 0.215251 16.000000
600 0.211614 32.000000
600 0.210686 32.000000
600 0.211777 32.000000
600 0.213040 32.000000
600 0.210227 32.000000
600 0.210927 32.000000
600 0.213749 32.000000
600 0.216387 32.000000
600 0.214405 32.000000
600 0.215278 32.000000
600 0.216335 64.000000
600 0.218379 64.000000
600 0.222089 64.000000
600 0.210176 64.000000
600 0.210288 64.000000
600 0.211975 64.000000
600 0.209838 64.000000
600 0.211445 64.000000
600 0.217269 64.000000
600 0.210964 64.000000
600 0.221144 128.000000
600 0.211380 128.000000
600 0.220457 128.000000
600 0.220570 128.000000
600 0.220562 128.000000
600 0.210204 128.000000
600 0.211193 128.000000
600 0.210282 128.000000
600 0.211186 128.000000
600 0.212658 128.000000
600 0.210230 256.000000
600 0.211314 256.000000
600 0.210969 256.000000
600 0.210091 256.000000
600 0.210095 256.000000
600 0.210974 256.000000
600 0.210983 256.000000
600 0.214380 256.000000
600 0.212382 256.000000
600 0.211853 256.000000
600 0.221903 512.000000
600 0.222362 512.000000
600 0.220823 512.000000
600 0.221212 512.000000
600 0.221557 512.000000
600 0.215510 512.000000
600 0.213129 512.000000
600 0.213106 512.000000
600 0.212840 512.000000
600 0.212332 512.000000
600 0.211024 1024.000000
600 0.210265 1024.000000
600 0.210237 1024.000000
600 0.214941 1024.000000
600 0.210984 1024.000000
600 0.210950 1024.000000
600 0.211394 1024.000000
600 0.210852 1024.000000
600 0.211521 1024.000000
600 0.210392 1024.000000
700 0.287401 2.000000
700 0.288243 2.000000
700 0.287768 2.000000
700 0.287563 2.000000
700 0.286740 2.000000
700 0.287384 2.000000
700 0.287387 2.000000
700 0.287646 2.000000
700 0.287716 2.000000
700 0.288212 2.000000
700 0.288468 4.000000
700 0.287772 4.000000
700 0.287099 4.000000
700 0.286361 4.000000
700 0.286368 4.000000
700 0.288539 4.000000
700 0.286525 4.000000
700 0.286265 4.000000
700 0.287634 4.000000
700 0.286547 4.000000
700 0.287773 8.000000
700 0.286707 8.000000
700 0.287622 8.000000
700 0.286651 8.000000
700 0.286065 8.000000
700 0.287926 8.000000
700 0.286956 8.000000
700 0.287076 8.000000
700 0.287552 8.000000
700 0.287888 8.000000
700 0.287368 16.000000
700 0.287803 16.000000
700 0.286258 16.000000
700 0.287429 16.000000
700 0.287018 16.000000
700 0.288817 16.000000
700 0.298663 16.000000
700 0.288920 16.000000
700 0.294456 16.000000
700 0.288676 16.000000
700 0.298737 32.000000
700 0.287138 32.000000
700 0.287942 32.000000
700 0.287827 32.000000
700 0.288300 32.000000
700 0.294040 32.000000
700 0.287011 32.000000
700 0.295523 32.000000
700 0.287095 32.000000
700 0.288688 32.000000
700 0.286918 64.000000
700 0.288003 64.000000
700 0.288595 64.000000
700 0.290973 64.000000
700 0.285861 64.000000
700 0.288629 64.000000
700 0.288757 64.000000
700 0.289170 64.000000
700 0.288528 64.000000
700 0.286743 64.000000
700 0.287845 128.000000
700 0.289080 128.000000
700 0.287200 128.000000
700 0.286910 128.000000
700 0.286993 128.000000
700 0.286479 128.000000
700 0.287627 128.000000
700 0.287656 128.000000
700 0.287469 128.000000
700 0.286483 128.000000
700 0.287026 256.000000
700 0.288706 256.000000
700 0.286839 256.000000
700 0.287064 256.000000
700 0.287005 256.000000
700 0.287587 256.000000
700 0.287808 256.000000
700 0.286307 256.000000
700 0.287624 256.000000
700 0.287086 256.000000
700 0.286164 512.000000
700 0.287813 512.000000
700 0.286079 512.000000
700 0.286928 512.000000
700 0.287443 512.000000
700 0.286017 512.000000
700 0.288078 512.000000
700 0.287184 512.000000
700 0.286013 512.000000
700 0.286574 512.000000
700 0.286904 1024.000000
700 0.285857 1024.000000
700 0.286752 1024.000000
700 0.288306 1024.000000
700 0.286544 1024.000000
700 0.290290 1024.000000
700 0.287582 1024.000000
700 0.286706 1024.000000
700 0.286546 1024.000000
700 0.286952 1024.000000
800 0.374848 2.000000
800 0.374385 2.000000
800 0.374565 2.000000
800 0.374302 2.000000
800 0.375219 2.000000
800 0.374749 2.000000
800 0.374253 2.000000
800 0.374297 2.000000
800 0.374830 2.000000
800 0.374779 2.000000
800 0.374431 4.000000
800 0.374381 4.000000
800 0.374164 4.000000
800 0.374023 4.000000
800 0.375080 4.000000
800 0.374831 4.000000
800 0.375411 4.000000
800 0.374881 4.000000
800 0.374938 4.000000
800 0.374629 4.000000
800 0.374621 8.000000
800 0.375652 8.000000
800 0.374624 8.000000
800 0.374859 8.000000
800 0.375077 8.000000
800 0.375398 8.000000
800 0.374133 8.000000
800 0.374239 8.000000
800 0.375078 8.000000
800 0.374398 8.000000
800 0.374842 16.000000
800 0.374070 16.000000
800 0.374142 16.000000
800 0.434929 16.000000
800 0.374177 16.000000
800 0.373960 16.000000
800 0.374184 16.000000
800 0.374737 16.000000
800 0.374687 16.000000
800 0.374205 16.000000
800 0.374261 32.000000
800 0.375405 32.000000
800 0.375151 32.000000
800 0.374173 32.000000
800 0.375418 32.000000
800 0.408291 32.000000
800 0.374894 32.000000
800 0.375143 32.000000
800 0.374691 32.000000
800 0.375202 32.000000
800 0.374767 64.000000
800 0.374525 64.000000
800 0.374731 64.000000
800 0.375151 64.000000
800 0.374827 64.000000
800 0.374872 64.000000
800 0.374633 64.000000
800 0.374306 64.000000
800 0.374950 64.000000
800 0.384210 64.000000
800 0.374537 128.000000
800 0.375478 128.000000
800 0.374524 128.000000
800 0.377254 128.000000
800 0.374063 128.000000
800 0.374427 128.000000
800 0.373926 128.000000
800 0.374666 128.000000
800 0.374220 128.000000
800 0.374420 128.000000
800 0.374962 256.000000
800 0.375276 256.000000
800 0.374456 256.000000
800 0.374867 256.000000
800 0.374960 256.000000
800 0.374174 256.000000
800 0.375144 256.000000
800 0.374494 256.000000
800 0.375694 256.000000
800 0.374992 256.000000
800 0.374090 512.000000
800 0.374543 512.000000
800 0.375299 512.000000
800 0.374125 512.000000
800 0.374069 512.000000
800 0.374321 512.000000
800 0.375329 512.000000
800 0.374919 512.000000
800 0.375085 512.000000
800 0.374850 512.000000
800 0.374681 1024.000000
800 0.373826 1024.000000
800 0.373726 1024.000000
800 0.374460 1024.000000
800 0.374917 1024.000000
800 0.374714 1024.000000
800 0.374592 1024.000000
800 0.373736 1024.000000
800 0.374197 1024.000000
800 0.375488 1024.000000
900 0.474640 2.000000
900 0.474529 2.000000
900 0.475719 2.000000
900 0.476006 2.000000
900 0.475267 2.000000
900 0.475682 2.000000
900 0.474204 2.000000
900 0.474550 2.000000
900 0.474754 2.000000
900 0.475234 2.000000
900 0.474439 4.000000
900 0.474843 4.000000
900 0.474588 4.000000
900 0.474979 4.000000
900 0.475197 4.000000
900 0.474243 4.000000
900 0.474770 4.000000
900 0.474920 4.000000
900 0.475287 4.000000
900 0.475232 4.000000
900 0.474851 8.000000
900 0.474533 8.000000
900 0.475367 8.000000
900 0.474852 8.000000
900 0.475270 8.000000
900 0.475514 8.000000
900 0.475953 8.000000
900 0.474828 8.000000
900 0.474728 8.000000
900 0.475069 8.000000
900 0.475205 16.000000
900 0.474739 16.000000
900 0.475137 16.000000
900 0.474659 16.000000
900 0.474794 16.000000
900 0.475997 16.000000
900 0.482892 16.000000
900 0.475134 16.000000
900 0.474532 16.000000
900 0.475734 16.000000
900 0.474574 32.000000
900 0.475082 32.000000
900 0.474868 32.000000
900 0.474546 32.000000
900 0.474696 32.000000
900 0.475058 32.000000
900 0.474739 32.000000
900 0.474647 32.000000
900 0.475840 32.000000
900 0.474283 32.000000
900 0.474949 64.000000
900 0.474869 64.000000
900 0.475286 64.000000
900 0.474050 64.000000
900 0.475592 64.000000
900 0.474755 64.000000
900 0.474317 64.000000
900 0.476453 64.000000
900 0.474541 64.000000
900 0.475067 64.000000
900 0.475152 128.000000
900 0.474050 128.000000
900 0.475638 128.000000
900 0.476375 128.000000
900 0.474259 128.000000
900 0.474196 128.000000
900 0.475201 128.000000
900 0.475045 128.000000
900 0.474741 128.000000
900 0.475406 128.000000
900 0.474529 256.000000
900 0.475726 256.000000
900 0.474281 256.000000
900 0.475142 256.000000
900 0.473993 256.000000
900 0.475286 256.000000
900 0.474328 256.000000
900 0.475811 256.000000
900 0.474750 256.000000
900 0.474861 256.000000
900 0.474184 512.000000
900 0.475138 512.000000
900 0.476566 512.000000
900 0.475165 512.000000
900 0.474828 512.000000
900 0.476512 512.000000
900 0.475121 512.000000
900 0.474858 512.000000
900 0.475558 512.000000
900 0.474737 512.000000
900 0.477958 1024.000000
900 0.481475 1024.000000
900 0.478816 1024.000000
900 0.486470 1024.000000
900 0.476491 1024.000000
900 0.486839 1024.000000
900 0.498225 1024.000000
900 0.489045 1024.000000
900 0.497225 1024.000000
900 0.507027 1024.000000
1000 0.598032 2.000000
1000 0.610061 2.000000
1000 0.596885 2.000000
1000 0.587350 2.000000
1000 0.589361 2.000000
1000 0.588742 2.000000
1000 0.587884 2.000000
1000 0.587440 2.000000
1000 0.588876 2.000000
1000 0.595174 2.000000
1000 0.603080 4.000000
1000 0.589513 4.000000
1000 0.594367 4.000000
1000 0.603884 4.000000
1000 0.611787 4.000000
1000 0.591370 4.000000
1000 0.590484 4.000000
1000 0.592309 4.000000
1000 0.629792 4.000000
1000 0.588592 4.000000
1000 0.593768 8.000000
1000 0.587591 8.000000
1000 0.594920 8.000000
1000 0.592291 8.000000
1000 0.588179 8.000000
1000 0.606875 8.000000
1000 0.593489 8.000000
1000 0.589013 8.000000
1000 0.589031 8.000000
1000 0.588262 8.000000
1000 0.587757 16.000000
1000 0.604413 16.000000
1000 0.599558 16.000000
1000 0.589300 16.000000
1000 0.641816 16.000000
1000 0.590303 16.000000
1000 0.595512 16.000000
1000 0.589726 16.000000
1000 0.598047 16.000000
1000 0.595770 16.000000
1000 0.609925 32.000000
1000 0.595649 32.000000
1000 0.616020 32.000000
1000 0.604316 32.000000
1000 0.590176 32.000000
1000 0.618144 32.000000
1000 0.613757 32.000000
1000 0.589329 32.000000
1000 0.608295 32.000000
1000 0.613103 32.000000
1000 0.620631 64.000000
1000 0.619848 64.000000
1000 0.599162 64.000000
1000 0.599328 64.000000
1000 0.594475 64.000000
1000 0.597213 64.000000
1000 0.617154 64.000000
1000 0.597690 64.000000
1000 0.612096 64.000000
1000 0.599341 64.000000
1000 0.590935 128.000000
1000 0.595413 128.000000
1000 0.594130 128.000000
1000 0.595808 128.000000
1000 0.608633 128.000000
1000 0.589839 128.000000
1000 0.588724 128.000000
1000 0.609946 128.000000
1000 0.596696 128.000000
1000 0.593092 128.000000
1000 0.589153 256.000000
1000 0.590710 256.000000
1000 0.593802 256.000000
1000 0.591787 256.000000
1000 0.588659 256.000000
1000 0.591486 256.000000
1000 0.588811 256.000000
1000 0.594380 256.000000
1000 0.589471 256.000000
1000 0.596372 256.000000
1000 0.590235 512.000000
1000 0.592200 512.000000
1000 0.590408 512.000000
1000 0.589870 512.000000
1000 0.588612 512.000000
1000 0.593405 512.000000
1000 0.590652 512.000000
1000 0.589009 512.000000
1000 0.588610 512.000000
1000 0.590716 512.000000
1000 0.593064 1024.000000
1000 0.592698 1024.000000
1000 0.588018 1024.000000
1000 0.586452 1024.000000
1000 0.605660 1024.000000
1000 0.596412 1024.000000
1000 0.591772 1024.000000
1000 0.589294 1024.000000
1000 0.613544 1024.000000
1000 0.595201 1024.000000
3100 5.744240 2.000000
3100 5.733877 2.000000
3100 5.706512 2.000000
3100 5.997083 2.000000
3100 5.813926 2.000000
3100 5.633358 2.000000
3100 5.630639 2.000000
3100 5.634638 2.000000
3100 5.630103 2.000000
3100 5.629240 2.000000
3100 5.634598 4.000000
3100 5.682795 4.000000
3100 5.692359 4.000000
3100 5.631699 4.000000
3100 5.633004 4.000000
3100 5.630822 4.000000
3100 5.629873 4.000000
3100 5.649717 4.000000
3100 5.632549 4.000000
3100 5.706965 4.000000
3100 5.630911 8.000000
3100 5.628133 8.000000
3100 5.652853 8.000000
3100 5.758856 8.000000
3100 5.636061 8.000000
3100 5.633815 8.000000
3100 5.703638 8.000000
3100 5.626847 8.000000
3100 5.638372 8.000000
3100 5.695051 8.000000
3100 5.638656 16.000000
3100 5.696747 16.000000
3100 5.636147 16.000000
3100 5.685676 16.000000
3100 5.686111 16.000000
3100 5.684673 16.000000
3100 5.637246 16.000000
3100 5.547175 16.000000
3100 5.546591 16.000000
3100 5.546099 16.000000
3100 5.547418 32.000000
